time (s)	theta (A)	maj axis/z0	min axis/z0	crossing#mod 255
8345.555886	93.243240	1.460612	0.100000	235
8347.632314	93.301125	1.457994	0.100000	237
8349.708304	93.456001	1.452144	0.100000	239
8351.783947	93.727570	1.449669	0.100000	241
8353.860038	94.262711	1.449265	0.100000	243
8355.938018	94.749504	1.465995	0.100000	245
8358.015175	94.594749	1.486692	0.100000	247
8360.094447	94.345444	1.503108	0.100000	249
8362.172000	94.900826	1.497426	0.100000	251
8363.925007	60.572968	0.414848	0.100000	253
8365.274944	267.222504	0.704191	-0.100000	255
8367.347708	270.011505	0.719340	-0.100000	1
8369.424232	269.976929	0.731508	-0.096866	3
8371.498502	270.138367	0.742159	-0.094831	5
8373.572337	270.413696	0.751093	-0.093655	7
8375.653720	270.697998	0.762310	-0.089124	9
8377.730545	271.525116	0.775141	-0.087422	11
8379.807480	272.212708	0.786165	-0.084904	13
8381.885116	272.522369	0.797780	-0.084105	15
8383.960387	272.802277	0.810647	-0.080629	17
8386.034101	272.799103	0.821850	-0.079663	19
8388.109221	272.729279	0.833188	-0.077621	21
8390.185380	272.933960	0.845916	-0.074411	23
8392.260589	273.234314	0.856219	-0.073418	25
8394.339148	273.443451	0.868916	-0.069610	27
8396.414679	273.802277	0.881395	-0.068628	29
8398.492975	274.056061	0.895447	-0.065609	31
8400.568775	274.409210	0.909455	-0.064612	33
8402.645186	274.592255	0.922217	-0.061385	35
8404.720373	274.720245	0.936002	-0.060378	37
8406.797718	274.791077	0.949724	-0.058258	39
8408.873360	274.995605	0.962556	-0.056981	41
8410.952524	275.177338	0.979342	-0.054987	43
8413.029757	275.405548	0.994497	-0.054023	45
8415.108099	275.636292	1.011487	-0.051845	47
8417.185555	275.772095	1.026905	-0.050678	49
8419.261440	275.953339	1.041582	-0.048388	51
8421.337698	276.158752	1.056263	-0.045754	53
8423.412195	276.265625	1.069742	-0.043783	55
8425.488568	276.282898	1.085268	-0.041476	57
8427.564378	276.316132	1.099818	-0.040466	59
8429.641740	276.341095	1.115679	-0.038619	61
8431.719249	276.428650	1.132171	-0.037105	63
8433.796657	276.509705	1.148813	-0.035388	65
8435.874081	276.584320	1.167465	-0.032979	67
8437.951050	276.705200	1.184015	-0.031940	69
8440.027887	276.735901	1.201894	-0.030111	71
8442.104757	276.749359	1.220193	-0.028114	73
8444.181591	276.793182	1.236860	-0.026760	75
8446.258277	276.822388	1.254755	-0.024721	77
8448.335204	276.898621	1.272614	-0.023111	79
8450.412802	276.919373	1.291278	-0.020555	81
8452.491330	277.053131	1.312339	-0.018415	83
8454.570469	277.088257	1.332240	-0.016191	85
8456.649356	277.182220	1.352322	-0.014387	87
8458.727186	277.272308	1.371244	-0.012149	89
8460.804930	277.223206	1.390677	-0.009606	91
8462.882427	277.204193	1.410224	-0.007551	93
8464.959417	277.114410	1.426948	-0.004403	95
8467.036582	277.063080	1.445270	-0.001118	97
8469.114016	277.024780	1.463984	0.001426	99
8471.192494	277.006439	1.483498	0.004429	101
8473.271954	277.078033	1.502564	0.008199	103
8475.355378	277.206146	1.524072	0.018173	105
8477.393996	275.273834	1.499991	-0.017333	107
8479.476476	277.279114	1.539967	-0.018284	109
8481.555685	276.943420	1.537466	-0.011667	111
8483.633022	276.903717	1.537126	-0.007111	113
8485.714226	277.002686	1.536314	0.001383	115
8487.794294	276.866425	1.535042	0.008676	117
8489.874924	276.877747	1.534830	0.015929	119
8491.955591	276.823303	1.532560	0.024134	121
8494.035852	277.002838	1.527985	0.033655	123
8496.115374	277.199860	1.527397	0.042309	125
8498.194131	277.341125	1.522659	0.048529	127
8500.271732	277.417603	1.516495	0.053683	129
8502.348860	277.557068	1.514466	0.058528	131
8504.426807	277.585724	1.513654	0.063650	133
8506.505611	277.522217	1.511261	0.067654	135
8508.583441	277.562714	1.509066	0.071347	137
8510.660650	277.577545	1.507264	0.074835	139
8512.737911	277.676178	1.504434	0.078000	141
8514.815489	277.764740	1.503477	0.081258	143
8516.893393	277.897614	1.500093	0.085294	145
8518.971026	277.888947	1.498686	0.089124	147
8521.048913	277.961853	1.495614	0.092561	149
8523.127650	277.989960	1.493031	0.095863	151
8525.207051	277.872498	1.491354	0.100000	153
8527.286406	277.849487	1.486574	0.100000	155
8529.365442	277.883759	1.483229	0.100000	157
8531.443260	278.001740	1.479923	0.100000	159
8533.520238	278.130371	1.476392	0.100000	161
8535.597076	278.338013	1.474977	0.100000	163
8537.673544	278.485901	1.473567	0.100000	165
8539.749788	278.601685	1.470039	0.100000	167
8541.825628	278.731903	1.466091	0.100000	169
8543.902092	278.902435	1.462978	0.100000	171
8545.978750	278.976166	1.460788	0.100000	173
8548.055596	279.021393	1.457794	0.100000	175
8550.132182	279.084198	1.454330	0.100000	177
8552.208644	279.180206	1.451178	0.100000	179
8554.285221	279.179565	1.448607	0.100000	181
8556.362997	279.140869	1.446488	0.100000	183
8558.440660	279.098724	1.443821	0.100000	185
8560.518030	279.042389	1.442089	0.100000	187
8562.595903	279.045868	1.441013	0.100000	189
8564.673626	279.046082	1.439361	0.100000	191
8566.750983	279.183899	1.436628	0.100000	193
8568.827762	279.435730	1.433632	0.100000	195
8570.904647	279.836578	1.431659	0.100000	197
8572.981102	280.108032	1.428233	0.100000	199
8575.056954	280.381866	1.425433	0.100000	201
8577.133212	280.510040	1.422611	0.100000	203
8579.209824	280.669220	1.419647	0.100000	205
8581.286271	280.745819	1.417056	0.100000	207
8583.362773	280.820648	1.414940	0.100000	209
8585.439244	280.957458	1.413904	0.100000	211
8587.515992	281.013672	1.411864	0.100000	213
8589.592657	281.113342	1.409256	0.100000	215
8591.668981	281.187164	1.405306	0.100000	217
8593.745861	281.231140	1.402084	0.100000	219
8595.822511	281.323212	1.400068	0.100000	221
8597.899692	281.308624	1.398705	0.100000	223
8599.977235	281.240204	1.396280	0.100000	225
8602.055084	281.165192	1.393026	0.100000	227
8604.132744	281.127899	1.388115	0.100000	229
8606.210079	281.195312	1.385372	0.100000	231
8608.286929	281.299561	1.383411	0.100000	233
8610.362840	281.499725	1.379892	0.100000	235
