time (s)	coil I (A)	last det (V)	int current (uC)
4678.898136	1.111399	0.087545	475.678741
4678.899092	1.621025	0.087545	2025.378906
4678.900047	1.608036	0.087545	3561.053223
4678.900962	1.565068	0.087545	4993.090820
4678.901843	1.523005	0.087545	6334.858398
4678.902806	1.480305	0.087545	7760.392578
4678.903750	1.440051	0.087545	9119.800781
4678.904644	1.402606	0.087545	10373.730469
4678.905562	1.367051	0.087545	11628.683594
4678.906488	1.329496	0.087545	12859.796875
4678.907416	1.255532	0.087545	14024.930664
4678.908283	0.270718	0.087545	14259.642578
4678.909262	0.085627	0.087545	14343.471680
4678.910210	0.085551	0.087545	14424.573242
4678.911077	0.085620	0.087545	14498.805664
4678.911990	0.085521	0.087545	14576.886719
4678.912936	0.085499	0.087545	14657.768555
4678.913853	0.085532	0.087545	14736.201172
4678.914725	0.085584	0.087545	14810.830078
4678.915673	0.085510	0.087545	14891.893555
4678.916628	0.085598	0.087545	14973.639648
4679.922657	1.110319	0.091613	508.525879
4679.923552	1.620773	0.091613	1959.117310
4679.924443	1.612423	0.091613	3395.786133
4679.925403	1.567650	0.091613	4900.730469
4679.926355	1.523866	0.091613	6351.451172
4679.927248	1.483074	0.091613	7675.835937
4679.928175	1.443325	0.091613	9013.798828
4679.929135	1.403573	0.091613	10361.228516
4679.930045	1.366644	0.091613	11604.875000
4679.930927	1.332144	0.091613	12779.825195
4679.931855	1.262893	0.091613	13951.790039
4679.932804	0.249324	0.091613	14188.398437
4679.933732	0.085503	0.091613	14267.745117
4679.934594	0.085437	0.091613	14341.391602
4679.935558	0.085584	0.091613	14423.894531
4679.936511	0.085551	0.091613	14505.423828
4679.937403	0.085551	0.091613	14581.735352
4679.938310	0.085514	0.091613	14659.296875
4679.939239	0.085547	0.091613	14738.769531
4679.940126	0.085499	0.091613	14814.607422
4679.941003	0.085547	0.091613	14889.631836
4680.971292	1.193031	0.079222	620.376099
4680.972172	1.622937	0.079222	2048.560791
4680.973083	1.609702	0.079222	3514.999512
4680.973964	1.567537	0.079222	4895.999023
4680.974958	1.522570	0.079222	6409.433105
4680.975885	1.480331	0.079222	7781.699707
4680.976780	1.441600	0.079222	9071.931641
4680.977686	1.404503	0.079222	10344.411133
4680.978637	1.366860	0.079222	11644.294922
4680.979576	1.329873	0.079222	12893.045898
4680.980444	1.274861	0.079222	13999.625000
4680.981398	0.254019	0.079222	14241.958984
4680.982349	0.085477	0.079222	14323.248047
4680.983252	0.085576	0.079222	14400.523437
4680.984126	0.085547	0.079222	14475.291016
4680.985089	0.085551	0.079222	14557.675781
4680.986005	0.085653	0.079222	14636.133789
4680.986885	0.085591	0.079222	14711.454102
4680.987903	0.085635	0.079222	14798.629883
4680.988819	0.085620	0.079222	14877.057617
4680.989739	0.085642	0.079222	14955.848633
4681.998780	1.092162	0.091815	467.445251
4681.999644	1.615349	0.091815	1863.106934
4682.000750	1.606509	0.091815	3639.905762
4682.001650	1.563768	0.091815	5047.297363
4682.002530	1.522811	0.091815	6387.371094
4682.003545	1.477701	0.091815	7887.238281
4682.004542	1.434130	0.091815	9317.065430
4682.005429	1.397402	0.091815	10556.561523
4682.006303	1.362762	0.091815	11747.616211
4682.007294	1.324497	0.091815	13060.192383
4682.008231	1.100808	0.091815	14091.649414
4682.009144	0.152596	0.091815	14230.969727
4682.010017	0.085521	0.091815	14305.629883
4682.011042	0.085573	0.091815	14393.341797
4682.011935	0.085507	0.091815	14469.699219
4682.012806	0.085532	0.091815	14544.198242
4682.013751	0.085591	0.091815	14625.082031
4682.014726	0.085562	0.091815	14708.504883
4682.015648	0.085518	0.091815	14787.352539
4682.016513	0.085551	0.091815	14861.353516
4682.017529	0.085598	0.091815	14948.321289
4683.046466	1.228641	0.085237	674.524109
4683.047525	1.626910	0.085237	2397.422363
4683.048405	1.601499	0.085237	3806.741455
4683.049340	1.557554	0.085237	5263.054199
4683.050412	1.507672	0.085237	6879.278809
4683.051354	1.465624	0.085237	8259.896484
4683.052228	1.428051	0.085237	9508.012695
4683.053286	1.385262	0.085237	10973.620117
4683.054306	1.345129	0.085237	12345.652344
4683.055202	1.310896	0.085237	13520.214844
4683.056074	0.782849	0.085237	14202.859375
4683.057153	0.089927	0.085237	14299.890625
4683.058087	0.085525	0.085237	14379.770508
4683.058965	0.085609	0.085237	14454.935547
4683.059922	0.085587	0.085237	14536.842773
4683.060932	0.085587	0.085237	14623.286133
4683.061820	0.085657	0.085237	14699.349609
4683.062680	0.085554	0.085237	14772.925781
4683.063732	0.085624	0.085237	14863.001953
4683.064667	0.085562	0.085237	14943.001953
4683.065531	0.085627	0.085237	15016.984375
4684.074012	1.174805	0.091090	603.849609
4684.074890	1.622629	0.091090	2028.518188
4684.075774	1.609702	0.091090	3451.494873
4684.076874	1.560366	0.091090	5167.897461
4684.077830	1.515663	0.091090	6616.871094
4684.078696	1.476094	0.091090	7895.168457
4684.079730	1.432203	0.091090	9376.066406
4684.080782	1.389401	0.091090	10837.715820
4684.081662	1.354116	0.091090	12029.337891
4684.082585	1.318359	0.091090	13246.183594
4684.083659	0.777499	0.091090	14081.216797
4684.084589	0.094314	0.091090	14168.928711
4684.085456	0.085569	0.091090	14243.117187
4684.086485	0.085605	0.091090	14331.205078
4684.087498	0.085507	0.091090	14417.823242
4684.088388	0.085507	0.091090	14493.923828
4684.089340	0.085646	0.091090	14575.458984
4684.090397	0.085649	0.091090	14665.990234
4684.091327	0.085518	0.091090	14745.521484
4684.092188	0.085551	0.091090	14819.180664
4684.093253	0.085642	0.091090	14910.389648
4685.118445	1.135031	0.078417	539.139465
4685.119403	1.622805	0.078417	2093.786865
4685.120331	1.607728	0.078417	3585.758789
4685.121198	1.566467	0.078417	4943.885742
4685.122168	1.522262	0.078417	6420.479980
4685.123105	1.479353	0.078417	7806.633789
4685.124019	1.439821	0.078417	9122.629883
4685.124885	1.402716	0.078417	10337.381836
4685.125861	1.364758	0.078417	11669.385742
4685.126798	1.328093	0.078417	12913.809570
4685.127692	1.247249	0.078417	14028.849609
4685.128612	0.243571	0.078417	14252.934570
4685.129562	0.085540	0.078417	14334.197266
4685.130481	0.085576	0.078417	14412.841797
4685.131353	0.085598	0.078417	14487.483398
4685.132303	0.085573	0.078417	14568.777344
4685.133234	0.085605	0.078417	14648.475586
4685.134162	0.085638	0.078417	14727.948242
4685.135021	0.085547	0.078417	14801.432617
4685.135990	0.085562	0.078417	14884.341797
4685.136940	0.085525	0.078417	14965.590820
4686.150087	1.101713	0.085724	472.634705
4686.150966	1.616100	0.085724	1893.186523
4686.151941	1.610105	0.085724	3463.038818
4686.152874	1.567163	0.085724	4925.202148
4686.153750	1.525898	0.085724	6261.889160
4686.154666	1.483839	0.085724	7621.085937
4686.155621	1.442798	0.085724	8998.958008
4686.156548	1.404426	0.085724	10300.861328
4686.157427	1.369072	0.085724	11504.275391
4686.158406	1.331777	0.085724	12808.085937
4686.159367	1.252152	0.085724	14011.404297
4686.160259	0.250646	0.085724	14234.980469
4686.161141	0.085726	0.085724	14310.590820
4686.162091	0.085503	0.085724	14391.818359
4686.163046	0.085540	0.085724	14473.508789
4686.163912	0.085642	0.085724	14547.674805
4686.164823	0.085598	0.085724	14625.654297
4686.165763	0.085573	0.085724	14706.092773
4686.166688	0.085613	0.085724	14785.284180
4686.167564	0.085591	0.085724	14860.261719
4686.168539	0.085613	0.085724	14943.734375
4687.193527	1.080124	0.082840	454.732422
4687.194457	1.619612	0.082840	1960.971313
4687.195411	1.609852	0.082840	3496.770508
4687.196307	1.568287	0.082840	4901.956055
4687.197260	1.524166	0.082840	6354.486328
4687.198202	1.481287	0.082840	7749.858398
4687.199133	1.441143	0.082840	9091.562500
4687.199997	1.404576	0.082840	10305.116211
4687.200923	1.367014	0.082840	11570.970703
4687.201879	1.329771	0.082840	12842.231445
4687.202809	1.259949	0.082840	14013.983398
4687.203675	0.277767	0.082840	14254.530273
4687.204650	0.085664	0.082840	14338.052734
4687.205604	0.085660	0.082840	14419.772461
4687.206492	0.085594	0.082840	14495.780273
4687.207399	0.085657	0.082840	14573.470703
4687.208341	0.085642	0.082840	14654.145508
4687.209267	0.085646	0.082840	14733.453125
4687.210138	0.085620	0.082840	14808.028320
4687.211047	0.085620	0.082840	14885.857422
4687.211991	0.085679	0.082840	14966.738281
4688.224220	1.114882	0.087138	492.777679
4688.225099	1.617283	0.087138	1914.369263
4688.225966	1.614247	0.087138	3313.921387
4688.226925	1.571294	0.087138	4820.791992
4688.227861	1.526407	0.087138	6249.509277
4688.228781	1.484026	0.087138	7614.812988
4688.229670	1.445940	0.087138	8900.253906
4688.230592	1.407059	0.087138	10197.562500
4688.231559	1.368860	0.087138	11521.250000
4688.232482	1.332989	0.087138	12751.599609
4688.233349	1.294409	0.087138	13873.852539
4688.234317	0.336881	0.087138	14199.953125
4688.235253	0.085953	0.087138	14280.405273
4688.236114	0.085638	0.087138	14354.139648
4688.237103	0.085587	0.087138	14438.785156
4688.238012	0.085624	0.087138	14516.617187
4688.238923	0.085613	0.087138	14594.610352
4688.239799	0.085576	0.087138	14669.575195
4688.240793	0.085631	0.087138	14754.692383
4688.241707	0.085569	0.087138	14832.902344
4688.242593	0.085620	0.087138	14908.761719
4689.268672	1.093257	0.086763	466.820679
4689.269623	1.615331	0.086763	2003.000244
4689.270621	1.606974	0.086763	3606.760254
4689.271546	1.563787	0.086763	5053.262695
4689.272415	1.522830	0.086763	6376.601562
4689.273443	1.477218	0.086763	7895.181641
4689.274330	1.438103	0.086763	9170.779297
4689.275205	1.401581	0.086763	10397.162109
4689.276073	1.365388	0.086763	11582.319336
4689.277126	1.325914	0.086763	12978.506836
4689.278026	1.198275	0.086763	14056.954102
4689.278908	0.210399	0.086763	14242.526367
4689.279882	0.085613	0.086763	14325.913086
4689.280825	0.085518	0.086763	14406.556641
4689.281749	0.085569	0.086763	14485.622070
4689.282609	0.085605	0.086763	14559.243164
4689.283634	0.085529	0.086763	14646.910156
4689.284516	0.085587	0.086763	14722.398437
4689.285382	0.085594	0.086763	14796.523437
4689.286332	0.085712	0.086763	14877.949219
4689.287299	0.085580	0.086763	14960.705078
4690.298807	1.096728	0.088628	461.722687
4690.299905	1.624717	0.088628	2245.661621
4690.300821	1.603630	0.088628	3714.586914
4690.301700	1.562509	0.088628	5088.032227
4690.302701	1.516553	0.088628	6606.101562
4690.303694	1.471289	0.088628	8067.091797
4690.304583	1.433419	0.088628	9341.401367
4690.305446	1.396549	0.088628	10546.623047
4690.306520	1.355702	0.088628	12002.646484
4690.307425	1.320234	0.088628	13197.458984
4690.308297	1.094253	0.088628	14151.647461
4690.309280	0.146418	0.088628	14295.577148
4690.310282	0.085554	0.088628	14381.302734
4690.311171	0.085587	0.088628	14457.389648
4690.312037	0.085602	0.088628	14531.520508
4690.313104	0.085635	0.088628	14622.892578
4690.314036	0.085591	0.088628	14702.663086
4690.314913	0.085569	0.088628	14777.707031
4690.315856	0.085646	0.088628	14858.470703
4690.316861	0.085554	0.088628	14944.453125
4690.317743	0.085605	0.088628	15019.957031
4691.342388	1.212620	0.085365	641.475830
4691.343414	1.626299	0.085365	2310.058594
4691.344311	1.602601	0.085365	3747.592041
4691.345269	1.557938	0.085365	5240.096680
4691.346318	1.508745	0.085365	6822.770508
4691.347250	1.467155	0.085365	8190.158691
4691.348123	1.429116	0.085365	9437.777344
4691.349205	1.385742	0.085365	10937.150391
4691.350217	1.346045	0.085365	12299.347656
4691.351110	1.311782	0.085365	13470.769531
4691.352088	0.703315	0.085365	14158.612305
4691.353134	0.088663	0.085365	14251.354492
4691.354042	0.085573	0.085365	14329.054687
4691.354905	0.085631	0.085365	14402.954102
4691.355998	0.085664	0.085365	14496.584961
4691.356980	0.085580	0.085365	14580.624023
4691.357866	0.085624	0.085365	14656.486328
4691.358840	0.085646	0.085365	14739.905273
4691.359864	0.085635	0.085365	14827.595703
4691.360758	0.085565	0.085365	14904.090820
4691.361616	0.085584	0.085365	14977.521484
4692.374480	1.126798	0.095303	489.030334
4692.375406	1.620179	0.095303	1989.316406
4692.376328	1.610050	0.095303	3473.782715
4692.377206	1.568218	0.095303	4850.677734
4692.378197	1.522808	0.095303	6359.780273
4692.379144	1.480170	0.095303	7761.500977
4692.380039	1.441359	0.095303	9051.516602
4692.380955	1.403914	0.095303	10337.501953
4692.381920	1.365736	0.095303	11655.437500
4692.382850	1.329126	0.095303	12891.524414
4692.383723	1.265896	0.095303	13996.651367
4692.384686	0.248829	0.095303	14236.274414
4692.385608	0.085569	0.095303	14315.168945
4692.386522	0.085715	0.095303	14393.512695
4692.387402	0.085576	0.095303	14468.819336
4692.388365	0.085605	0.095303	14551.257812
4692.389303	0.085587	0.095303	14631.538086
4692.390194	0.085569	0.095303	14707.780273
4692.391095	0.085591	0.095303	14784.897461
4692.392033	0.085521	0.095303	14865.116211
4692.392972	0.085598	0.095303	14945.493164
4693.416965	1.169290	0.084346	578.798340
4693.417896	1.622479	0.084346	2089.326660
4693.418817	1.607948	0.084346	3570.246582
4693.419679	1.566515	0.084346	4920.582520
4693.420639	1.522123	0.084346	6381.820312
4693.421591	1.479338	0.084346	7790.150391
4693.422481	1.440798	0.084346	9072.460937
4693.423401	1.403383	0.084346	10363.573242
4693.424331	1.365377	0.084346	11633.374023
4693.425277	1.328573	0.084346	12890.204102
4693.426175	1.259978	0.084346	14021.664062
4693.427116	0.240135	0.084346	14247.631836
4693.428068	0.085477	0.084346	14329.005859
4693.428997	0.085547	0.084346	14408.478516
4693.429858	0.085602	0.084346	14482.181641
4693.430797	0.085635	0.084346	14562.592773
4693.431724	0.085580	0.084346	14641.924805
4693.432644	0.085657	0.084346	14720.728516
4693.433516	0.085605	0.084346	14795.376953
4693.434479	0.085499	0.084346	14877.712891
4693.435406	0.085675	0.084346	14957.133789
4694.448570	1.081476	0.084532	455.301270
4694.449462	1.614690	0.084532	1895.604736
4694.450429	1.609486	0.084532	3451.977783
4694.451367	1.566683	0.084532	4921.526855
4694.452254	1.525309	0.084532	6274.475586
4694.453191	1.482938	0.084532	7663.988770
4694.454137	1.442032	0.084532	9028.151367
4694.455031	1.404858	0.084532	10284.094727
4694.455989	1.367014	0.084532	11593.694336
4694.456938	1.329672	0.084532	12855.552734
4694.457851	1.255404	0.084532	14001.736328
4694.458729	0.271542	0.084532	14240.150391
4694.459695	0.085928	0.084532	14323.156250
4694.460623	0.085620	0.084532	14402.611328
4694.461542	0.085620	0.084532	14481.295898
4694.462420	0.085576	0.084532	14556.431641
4694.463359	0.085646	0.084532	14636.852539
4694.464311	0.085605	0.084532	14718.348633
4694.465236	0.085587	0.084532	14797.516602
4694.466098	0.085635	0.084532	14871.333984
4694.467064	0.085543	0.084532	14953.968750
4695.492671	1.218922	0.088725	676.501770
4695.493602	1.625116	0.088725	2189.484863
4695.494536	1.604154	0.088725	3687.764648
4695.495410	1.561644	0.088725	5052.641602
4695.496462	1.514227	0.088725	6645.608398
4695.497352	1.473830	0.088725	7957.317383
4695.498236	1.436287	0.088725	9226.995117
4695.499227	1.396219	0.088725	10610.648437
4695.500165	1.358254	0.088725	11884.691406
4695.501090	1.322904	0.088725	13108.377930
4695.501959	1.134917	0.088725	14094.621094
4695.502994	0.137739	0.088725	14237.181641
4695.503870	0.085463	0.088725	14312.046875
4695.504743	0.085616	0.088725	14386.790039
4695.505684	0.085660	0.088725	14467.396484
4695.506657	0.085613	0.088725	14550.697266
4695.507565	0.085635	0.088725	14628.454102
4695.508442	0.085620	0.088725	14703.542969
4695.509477	0.085624	0.088725	14792.164062
4695.510389	0.085485	0.088725	14870.125977
4695.511262	0.085631	0.088725	14944.881836
4696.523212	1.096293	0.087122	479.079926
4696.524075	1.615056	0.087122	1872.873413
4696.525101	1.608267	0.087122	3522.955078
4696.526151	1.559963	0.087122	5160.916504
4696.527037	1.518208	0.087122	6506.048828
4696.527947	1.475768	0.087122	7848.997559
4696.529041	1.430383	0.087122	9413.836914
4696.529979	1.391261	0.087122	10718.839844
4696.530856	1.356680	0.087122	11908.648437
4696.531883	1.317056	0.087122	13261.264648
4696.532919	0.810941	0.087122	14101.399414
4696.533808	0.098503	0.087122	14188.968750
4696.534761	0.085565	0.087122	14270.512695
4696.535810	0.085576	0.087122	14360.282227
4696.536741	0.085521	0.087122	14439.902344
4696.537599	0.085602	0.087122	14513.348633
4696.538651	0.085679	0.087122	14603.482422
4696.539659	0.085613	0.087122	14689.780273
4696.540549	0.085532	0.087122	14765.904297
4696.541521	0.085627	0.087122	14849.133789
4696.542561	0.085635	0.087122	14938.194336
4697.567163	1.082772	0.087440	456.929901
4697.568163	1.616514	0.087440	2073.443359
4697.569214	1.602488	0.087440	3757.658203
4697.570108	1.559205	0.087440	5151.587891
4697.570991	1.516351	0.087440	6490.525879
4697.572088	1.468722	0.087440	8101.713867
4697.573073	1.427410	0.087440	9507.712891
4697.573949	1.391158	0.087440	10726.367187
4697.574999	1.350037	0.087440	12143.905273
4697.576043	1.310310	0.087440	13511.869141
4697.576939	0.753201	0.087440	14186.737305
4697.577856	0.096270	0.087440	14275.016602
4697.578928	0.085693	0.087440	14366.879883
4697.579873	0.085613	0.087440	14447.784180
4697.580737	0.085554	0.087440	14521.703125
4697.581795	0.085682	0.087440	14612.355469
4697.582807	0.085584	0.087440	14698.965820
4697.583704	0.085624	0.087440	14775.770508
4697.584643	0.085616	0.087440	14856.164062
4697.585694	0.085532	0.087440	14946.058594
4697.586614	0.085594	0.087440	15024.805664
4698.598396	1.151063	0.092206	552.510315
4698.599280	1.619788	0.092206	1984.402588
4698.600141	1.611442	0.092206	3371.853760
4698.601093	1.568057	0.092206	4864.643555
4698.602044	1.524038	0.092206	6314.003906
4698.602943	1.482722	0.092206	7646.971191
4698.603862	1.444006	0.092206	8974.012695
4698.604796	1.403818	0.092206	10285.178711
4698.605746	1.366626	0.092206	11583.473633
4698.606643	1.331700	0.092206	12778.008789
4698.607670	1.186337	0.092206	13996.376953
4698.608720	0.165121	0.092206	14169.753906
4698.609676	0.085485	0.092206	14251.477539
4698.610537	0.085668	0.092206	14325.237305
4698.611585	0.085715	0.092206	14415.067383
4698.612614	0.085624	0.092206	14503.173828
4698.613492	0.085712	0.092206	14578.428711
4698.614406	0.085657	0.092206	14656.718750
4698.615466	0.085690	0.092206	14747.549805
4698.616408	0.085598	0.092206	14828.183594
4698.617272	0.085638	0.092206	14902.174805
4699.641304	1.099336	0.083214	494.701172
4699.642202	1.619205	0.083214	1948.747559
4699.643088	1.611262	0.083214	3376.325928
4699.644049	1.566830	0.083214	4882.049316
4699.645012	1.522602	0.083214	6348.315430
4699.645905	1.481902	0.083214	7671.653809
4699.646818	1.442362	0.083214	8988.530273
4699.647784	1.402712	0.083214	10343.550781
4699.648710	1.366091	0.083214	11608.551758
4699.649576	1.331766	0.083214	12761.861328
4699.650552	1.257184	0.083214	13988.873047
4699.651474	0.241406	0.083214	14211.449219
4699.652387	0.085576	0.083214	14289.580078
4699.653257	0.085558	0.083214	14364.015625
4699.654226	0.085532	0.083214	14446.896484
4699.655178	0.085551	0.083214	14528.340820
4699.656068	0.085653	0.083214	14604.572266
4699.656980	0.085532	0.083214	14682.578125
4699.657937	0.085580	0.083214	14764.478516
4699.658854	0.085536	0.083214	14842.915039
4699.659717	0.085587	0.083214	14916.776367
4700.673007	1.168392	0.093366	560.828308
4700.673944	1.622227	0.093366	2080.854736
4700.674874	1.607501	0.093366	3575.830811
4700.675744	1.565848	0.093366	4938.119141
4700.676722	1.521302	0.093366	6425.953125
4700.677669	1.478672	0.093366	7826.255371
4700.678564	1.439897	0.093366	9114.963867
4700.679472	1.402350	0.093366	10388.297852
4700.680404	1.364667	0.093366	11660.166992
4700.681337	1.328185	0.093366	12899.363281
4700.682236	1.261154	0.093366	14033.140625
4700.683156	0.250177	0.093366	14263.303711
4700.684113	0.085591	0.093366	14345.213867
4700.685032	0.085525	0.093366	14423.811523
4700.685893	0.085598	0.093366	14497.511719
4700.686865	0.085551	0.093366	14580.666992
4700.687815	0.085580	0.093366	14661.967773
4700.688701	0.085616	0.093366	14737.824219
4700.689578	0.085565	0.093366	14812.865234
4700.690519	0.085573	0.093366	14893.388672
4700.691442	0.085565	0.093366	14972.365234
4701.715957	1.161870	0.082477	544.917114
4701.716841	1.619077	0.082477	1976.181396
4701.717766	1.610017	0.082477	3465.447266
4701.718639	1.568170	0.082477	4834.459961
4701.719638	1.523364	0.082477	6356.300781
4701.720542	1.481089	0.082477	7695.205078
4701.721429	1.443047	0.082477	8975.187500
4701.722342	1.405470	0.082477	10258.381836
4701.723307	1.367274	0.082477	11577.801758
4701.724240	1.330477	0.082477	12819.136719
4701.725125	1.281328	0.082477	13953.112305
4701.726092	0.273365	0.082477	14217.457031
4701.727011	0.085697	0.082477	14296.212891
4701.727937	0.085536	0.082477	14375.418945
4701.728798	0.085488	0.082477	14449.024414
4701.729779	0.085642	0.082477	14533.039062
4701.730733	0.085576	0.082477	14614.678711
4701.731603	0.085624	0.082477	14689.171875
4701.732511	0.085521	0.082477	14766.825195
4701.733460	0.085554	0.082477	14848.016602
4701.734381	0.085554	0.082477	14926.812500
4702.747090	1.108828	0.092153	484.557922
4702.747958	1.615514	0.092153	1886.823975
4702.749001	1.607219	0.092153	3563.153564
4702.749881	1.565750	0.092153	4941.013184
4702.750750	1.525052	0.092153	6266.283691
4702.751734	1.481499	0.092153	7724.078613
4702.752666	1.439901	0.092153	9066.066406
4702.753587	1.401797	0.092153	10357.121094
4702.754469	1.366685	0.092153	11562.537109
4702.755510	1.326826	0.092153	12943.763672
4702.756409	1.220402	0.092153	14040.904297
4702.757287	0.227307	0.092153	14240.479492
4702.758191	0.085774	0.092153	14318.019531
4702.759191	0.085543	0.092153	14403.562500
4702.760112	0.085554	0.092153	14482.358398
4702.760987	0.085587	0.092153	14557.247070
4702.761991	0.085671	0.092153	14643.260742
4702.762896	0.085584	0.092153	14720.713867
4702.763811	0.085562	0.092153	14799.002930
4702.764670	0.085565	0.092153	14872.503906
4702.765683	0.085573	0.092153	14959.188477
4703.792585	1.097772	0.091670	478.628693
4703.793463	1.615986	0.091670	1897.464600
4703.794410	1.610687	0.091670	3422.785400
4703.795458	1.562384	0.091670	5060.164062
4703.796356	1.520328	0.091670	6425.418945
4703.797221	1.480481	0.091670	7706.035156
4703.798277	1.435847	0.091670	9222.290039
4703.799227	1.396542	0.091670	10549.004883
4703.800104	1.361645	0.091670	11743.167969
4703.801030	1.325281	0.091670	12970.377930
4703.802106	1.040365	0.091670	14089.810547
4703.802986	0.136571	0.091670	14209.993164
4703.803852	0.085448	0.091670	14283.991211
4703.804860	0.085598	0.091670	14370.274414
4703.805818	0.085551	0.091670	14452.231445
4703.806692	0.085496	0.091670	14526.955078
4703.807576	0.085532	0.091670	14602.565430
4703.808682	0.085543	0.091670	14697.175781
4703.809575	0.085459	0.091670	14773.490234
4703.810436	0.085470	0.091670	14847.080078
4703.811491	0.085609	0.091670	14937.397461
4704.820782	1.190676	0.089913	642.965149
4704.821846	1.625629	0.089913	2372.634033
4704.822746	1.599939	0.089913	3812.579102
4704.823609	1.557341	0.089913	5156.564453
4704.824728	1.507423	0.089913	6843.371094
4704.825700	1.464456	0.089913	8266.822266
4704.826575	1.426864	0.089913	9515.328125
4704.827623	1.384475	0.089913	10966.257812
4704.828668	1.343522	0.089913	12370.238281
4704.829573	1.308644	0.089913	13554.560547
4704.830508	0.683668	0.089913	14193.790039
4704.831559	0.088209	0.089913	14286.498047
4704.832495	0.085565	0.089913	14366.586914
4704.833353	0.085649	0.089913	14440.074219
4704.834401	0.085737	0.089913	14529.926758
4704.835429	0.085602	0.089913	14617.925781
4704.836309	0.085668	0.089913	14693.313477
4704.837272	0.085715	0.089913	14775.857422
4704.838309	0.085756	0.089913	14864.786133
4704.839228	0.085646	0.089913	14943.494141
4704.840084	0.085686	0.089913	15016.841797
4705.867720	1.090327	0.090300	477.563293
4705.868596	1.615964	0.090300	1893.148193
4705.869518	1.612672	0.090300	3380.031982
4705.870449	1.568602	0.090300	4840.400879
4705.871390	1.524782	0.090300	6275.220215
4705.872272	1.484473	0.090300	7584.524902
4705.873189	1.444127	0.090300	8908.789062
4705.874142	1.404910	0.090300	10247.667969
4705.875071	1.368094	0.090300	11518.627930
4705.875948	1.333235	0.090300	12687.875000
4705.876920	1.271071	0.090300	13923.355469
4705.877876	0.281151	0.090300	14192.135742
4705.878766	0.085690	0.090300	14268.399414
4705.879677	0.085499	0.090300	14346.289062
4705.880603	0.085605	0.090300	14425.559570
4705.881544	0.085485	0.090300	14506.000977
4705.882424	0.085551	0.090300	14581.285156
4705.883330	0.085540	0.090300	14658.784180
4705.884274	0.085580	0.090300	14739.571289
4705.885202	0.085609	0.090300	14819.016602
4705.886076	0.085558	0.090300	14893.793945
4706.895286	1.095850	0.099573	460.256836
4706.896263	1.619473	0.099573	2042.481567
4706.897174	1.608208	0.099573	3507.559082
4706.898064	1.567064	0.099573	4902.246094
4706.898981	1.524163	0.099573	6299.903320
4706.899958	1.480470	0.099573	7746.322266
4706.900883	1.440450	0.099573	9078.739258
4706.901759	1.403848	0.099573	10308.509766
4706.902711	1.365872	0.099573	11608.819336
4706.903650	1.329232	0.099573	12856.968750
4706.904527	1.280226	0.099573	13979.726562
4706.905575	0.193000	0.099573	14181.991211
4706.906523	0.085455	0.099573	14263.002930
4706.907449	0.085554	0.099573	14342.226562
4706.908308	0.085562	0.099573	14415.723633
4706.909250	0.085573	0.099573	14496.333008
4706.910198	0.085536	0.099573	14577.420898
4706.911085	0.085580	0.099573	14653.330078
4706.911993	0.085565	0.099573	14731.023437
4706.912916	0.085558	0.099573	14809.993164
4706.913855	0.085587	0.099573	14890.359375
4707.943879	1.082651	0.094594	455.796234
4707.944799	1.614254	0.094594	1940.910034
4707.945740	1.609076	0.094594	3455.050293
4707.946671	1.566628	0.094594	4913.581543
4707.947545	1.525605	0.094594	6246.960937
4707.948514	1.482341	0.094594	7683.349609
4707.949439	1.441406	0.094594	9016.650391
4707.950365	1.403159	0.094594	10315.975586
4707.951245	1.367798	0.094594	11519.637695
4707.952209	1.331166	0.094594	12802.881836
4707.953139	1.266423	0.094594	13980.655273
4707.954024	0.283682	0.094594	14231.713867
4707.955083	0.085602	0.094594	14322.366211
4707.955994	0.085481	0.094594	14400.239258
4707.956914	0.085562	0.094594	14478.956055
4707.957778	0.085602	0.094594	14552.916016
4707.958763	0.085521	0.094594	14637.154297
4707.959693	0.085514	0.094594	14716.682617
4707.960618	0.085562	0.094594	14795.827148
4707.961478	0.085554	0.094594	14869.403320
4707.962426	0.085562	0.094594	14950.515625
4708.970471	1.115248	0.096020	525.281677
4708.971545	1.624482	0.096020	2269.975830
4708.972443	1.602762	0.096020	3709.256348
4708.973313	1.561593	0.096020	5067.842285
4708.974342	1.513766	0.096020	6625.507324
4708.975311	1.470494	0.096020	8050.416504
4708.976190	1.432793	0.096020	9309.841797
4708.977096	1.394832	0.096020	10573.559570
4708.978194	1.353193	0.096020	12059.366211
4708.979089	1.317883	0.096020	13238.872070
4708.979957	1.044034	0.096020	14145.093750
4708.980991	0.116140	0.096020	14265.182617
4708.981963	0.085496	0.096020	14348.284180
4708.982840	0.085620	0.096020	14423.373047
4708.983716	0.085653	0.096020	14498.405273
4708.984813	0.085569	0.096020	14592.274414
4708.985695	0.085569	0.096020	14667.746094
4708.986552	0.085587	0.096020	14741.094727
4708.987640	0.085668	0.096020	14834.300781
4708.988608	0.085525	0.096020	14917.088867
4708.989482	0.085540	0.096020	14991.850586
4710.017539	1.156721	0.090119	577.203918
4710.018497	1.623999	0.090119	2132.994873
4710.019367	1.607845	0.090119	3531.820312
4710.020430	1.558279	0.090119	5188.270508
4710.021470	1.510239	0.090119	6758.919434
4710.022361	1.469707	0.090119	8068.428223
4710.023300	1.430109	0.090119	9411.300781
4710.024383	1.385706	0.090119	10912.019531
4710.025330	1.348546	0.090119	12189.092773
4710.026197	1.314726	0.090119	13328.960937
4710.027254	0.727207	0.090119	14097.619141
4710.028269	0.089498	0.090119	14188.459961
4710.029163	0.085627	0.090119	14265.010742
4710.030117	0.085734	0.090119	14346.800781
4710.031146	0.085675	0.090119	14434.959961
4710.032075	0.085576	0.090119	14514.459961
4710.032935	0.085605	0.090119	14588.081055
4710.033993	0.085635	0.090119	14678.682617
4710.035005	0.085624	0.090119	14765.333984
4710.035879	0.085584	0.090119	14840.133789
4710.036839	0.085734	0.090119	14922.438477
4711.045072	1.096787	0.098905	484.779907
4711.045939	1.615470	0.098905	1885.392456
4711.046955	1.608083	0.098905	3519.205322
4711.048014	1.559220	0.098905	5170.419434
4711.048889	1.517468	0.098905	6498.204102
4711.049786	1.475500	0.098905	7821.728027
4711.050880	1.429980	0.098905	9386.126953
4711.051840	1.390884	0.098905	10721.375000
4711.052711	1.356328	0.098905	11902.736328
4711.053733	1.316796	0.098905	13248.501953
4711.054784	0.800116	0.098905	14089.423828
4711.055675	0.097467	0.098905	14176.266602
4711.056625	0.085613	0.098905	14257.598633
4711.057670	0.085653	0.098905	14347.106445
4711.058601	0.085587	0.098905	14426.788086
4711.059463	0.085660	0.098905	14500.626953
4711.060515	0.085649	0.098905	14590.730469
4711.061523	0.085631	0.098905	14677.046875
4711.062412	0.085576	0.098905	14753.124023
4711.063369	0.085664	0.098905	14835.104492
4711.064406	0.085671	0.098905	14923.945312
4712.093667	1.100435	0.100141	508.400818
4712.094554	1.618634	0.100141	1944.129150
4712.095448	1.610977	0.100141	3384.342285
4712.096397	1.566595	0.100141	4871.041504
4712.097356	1.522822	0.100141	6331.428223
4712.098240	1.482239	0.100141	7641.727539
4712.099166	1.442721	0.100141	8977.687500
4712.100129	1.403049	0.100141	10328.824219
4712.101033	1.366340	0.100141	11563.996094
4712.101910	1.332023	0.100141	12732.179687
4712.102858	1.270181	0.100141	13936.310547
4712.103798	0.261266	0.100141	14181.900391
4712.104716	0.085613	0.100141	14260.493164
4712.105575	0.085551	0.100141	14333.981445
4712.106546	0.085543	0.100141	14417.043945
4712.107481	0.085562	0.100141	14497.043945
4712.108371	0.085507	0.100141	14573.144531
4712.109290	0.085569	0.100141	14651.782227
4712.110227	0.085591	0.100141	14731.980469
4712.111110	0.085642	0.100141	14807.602539
4712.111984	0.085620	0.100141	14882.434570
4713.120207	1.104814	0.102760	480.594269
4713.121073	1.615170	0.102760	1879.331177
4713.122051	1.610087	0.102760	3453.995850
4713.122961	1.566954	0.102760	4879.924316
4713.123851	1.525444	0.102760	6237.569824
4713.124773	1.484370	0.102760	7606.159180
4713.125721	1.442391	0.102760	8973.545898
4713.126658	1.403386	0.102760	10288.518555
4713.127548	1.368420	0.102760	11506.413086
4713.128463	1.332191	0.102760	12725.368164
4713.129430	1.268936	0.102760	13952.428711
4713.130358	0.275966	0.102760	14208.524414
4713.131224	0.085851	0.102760	14282.871094
4713.132188	0.085569	0.102760	14365.359375
4713.133134	0.085580	0.102760	14446.318359
4713.133998	0.085547	0.102760	14520.230469
4713.134873	0.085573	0.102760	14595.106445
4713.135840	0.085543	0.102760	14677.827148
4713.136785	0.085481	0.102760	14758.606445
4713.137674	0.085646	0.102760	14834.745117
4713.138580	0.085657	0.102760	14912.350586
4714.167804	1.143724	0.094063	560.424927
4714.168722	1.621256	0.094063	2048.738037
4714.169650	1.607307	0.094063	3540.318848
4714.170520	1.566240	0.094063	4902.947754
4714.171501	1.521676	0.094063	6395.711914
4714.172422	1.478339	0.094063	7757.261719
4714.173352	1.439264	0.094063	9095.777344
4714.174216	1.402452	0.094063	10307.496094
4714.175188	1.364883	0.094063	11634.162109
4714.176148	1.327723	0.094063	12908.776367
4714.177020	1.255781	0.094063	14003.817383
4714.177943	0.260643	0.094063	14244.391602
4714.178899	0.085496	0.094063	14326.125000
4714.179818	0.085591	0.094063	14404.783203
4714.180698	0.085569	0.094063	14480.083984
4714.181635	0.085562	0.094063	14560.254883
4714.182576	0.085565	0.094063	14640.771484
4714.183507	0.085562	0.094063	14720.429687
4714.184369	0.085605	0.094063	14794.221680
4714.185335	0.085565	0.094063	14876.877930
4714.186265	0.085573	0.094063	14956.459961
4715.193918	1.194972	0.104552	665.599365
4715.194865	1.624779	0.104552	2204.265137
4715.195799	1.602821	0.104552	3701.299805
4715.196668	1.561249	0.104552	5058.024902
4715.197717	1.513392	0.104552	6645.573242
4715.198612	1.472926	0.104552	7963.841797
4715.199492	1.435298	0.104552	9226.904297
4715.200456	1.396069	0.104552	10572.714844
4715.201432	1.357273	0.104552	11897.413086
4715.202360	1.321436	0.104552	13123.705078
4715.203223	1.128197	0.104552	14097.338867
4715.204269	0.132466	0.104552	14235.898437
4715.205149	0.085448	0.104552	14311.092773
4715.206022	0.085525	0.104552	14385.755859
4715.206912	0.085584	0.104552	14461.924805
4715.207935	0.085521	0.104552	14549.413086
4715.208824	0.085580	0.104552	14625.493164
4715.209695	0.085536	0.104552	14699.995117
4715.210689	0.085649	0.104552	14785.130859
4715.211610	0.085576	0.104552	14863.946289
4715.212521	0.085679	0.104552	14942.000000
4716.241354	1.098981	0.089938	478.056580
4716.242231	1.615404	0.089938	1894.765869
4716.243096	1.613221	0.089938	3290.202393
4716.244142	1.566064	0.089938	4928.305664
4716.245047	1.523547	0.089938	6307.116211
4716.245925	1.483326	0.089938	7609.476562
4716.246813	1.443728	0.089938	8891.506836
4716.247864	1.401291	0.089938	10364.263672
4716.248756	1.366066	0.089938	11582.793945
4716.249619	1.331045	0.089938	12731.485352
4716.250704	1.193606	0.089938	14026.547852
4716.251603	0.201702	0.089938	14207.877930
4716.252523	0.085441	0.089938	14286.483398
4716.253381	0.085594	0.089938	14359.923828
4716.254398	0.085529	0.089938	14446.906250
4716.255285	0.085488	0.089938	14522.734375
4716.256159	0.085558	0.089938	14597.511719
4716.257140	0.085587	0.089938	14681.472656
4716.258088	0.085510	0.089938	14762.536133
4716.259009	0.085540	0.089938	14841.318359
4716.259874	0.085576	0.089938	14915.341797
4717.269551	1.176259	0.103574	635.179626
4717.270601	1.624969	0.103574	2341.397705
4717.271498	1.600518	0.103574	3777.062012
4717.272359	1.557726	0.103574	5118.263672
4717.273443	1.509023	0.103574	6754.044922
4717.274429	1.465488	0.103574	8199.016602
4717.275299	1.428369	0.103574	9441.697266
4717.276355	1.385321	0.103574	10904.596680
4717.277401	1.344419	0.103574	12310.859375
4717.278298	1.309753	0.103574	13485.708008
4717.279229	0.730496	0.103574	14165.799805
4717.280282	0.088960	0.103574	14259.474609
4717.281219	0.085521	0.103574	14339.608398
4717.282090	0.085580	0.103574	14414.148437
4717.283135	0.085598	0.103574	14503.598633
4717.284158	0.085554	0.103574	14591.120117
4717.285048	0.085507	0.103574	14667.220703
4717.285991	0.085627	0.103574	14747.967773
4717.287023	0.085587	0.103574	14836.293945
4717.287959	0.085503	0.103574	14916.324219
4717.288819	0.085627	0.103574	14989.963867
4718.316090	1.191980	0.092355	654.397034
4718.317134	1.625109	0.092355	2351.010498
4718.318033	1.600188	0.092355	3789.579590
4718.318896	1.557605	0.092355	5133.792480
4718.319995	1.508635	0.092355	6791.782715
4718.320993	1.463870	0.092355	8252.724609
4718.321875	1.426432	0.092355	9510.837891
4718.322889	1.385918	0.092355	10916.159180
4718.323941	1.344826	0.092355	12330.916016
4718.324815	1.310241	0.092355	13476.066406
4718.325739	0.744628	0.092355	14164.102539
4718.326804	0.089158	0.092355	14259.055664
4718.327755	0.085587	0.092355	14340.449219
4718.328623	0.085613	0.092355	14414.760742
4718.329642	0.085679	0.092355	14502.067383
4718.330677	0.085605	0.092355	14590.668945
4718.331563	0.085642	0.092355	14666.547852
4718.332503	0.085679	0.092355	14747.085937
4718.333562	0.085642	0.092355	14837.781250
4718.334506	0.085620	0.092355	14918.606445
4718.335370	0.085558	0.092355	14992.528320
4719.344565	1.087698	0.101253	456.833038
4719.345519	1.618001	0.101253	2000.405518
4719.346448	1.608365	0.101253	3494.577148
4719.347336	1.567196	0.101253	4886.247070
4719.348252	1.525305	0.101253	6283.426758
4719.349208	1.481287	0.101253	7699.536621
4719.350135	1.440989	0.101253	9035.333008
4719.351012	1.404785	0.101253	10267.330078
4719.351945	1.367391	0.101253	11543.106445
4719.352907	1.330232	0.101253	12822.790039
4719.353837	1.266006	0.101253	14000.175781
4719.354701	0.288545	0.101253	14249.478516
4719.355653	0.085767	0.101253	14331.127930
4719.356602	0.085525	0.101253	14412.291016
4719.357495	0.085587	0.101253	14488.720703
4719.358409	0.085565	0.101253	14566.927734
4719.359329	0.085558	0.101253	14645.640625
4719.360249	0.085591	0.101253	14724.383789
4719.361112	0.085543	0.101253	14798.208008
4719.362081	0.085503	0.101253	14881.060547
4719.363026	0.085649	0.101253	14961.999023
4720.391160	1.135441	0.102566	554.095032
4720.392120	1.620868	0.102566	2110.128174
4720.393047	1.605740	0.102566	3598.648926
4720.393915	1.564585	0.102566	4956.708984
4720.394862	1.520691	0.102566	6396.803223
4720.395791	1.477463	0.102566	7769.366699
4720.396722	1.438239	0.102566	9108.367187
4720.397599	1.401299	0.102566	10337.306641
4720.398578	1.363315	0.102566	11671.992187
4720.399503	1.327485	0.102566	12899.916016
4720.400370	1.238968	0.102566	13974.101562
4720.401349	0.226846	0.102566	14196.183594
4720.402296	0.085529	0.102566	14277.178711
4720.403189	0.085547	0.102566	14353.572266
4720.404050	0.085536	0.102566	14427.218750
4720.405004	0.085558	0.102566	14508.840820
4720.405934	0.085547	0.102566	14588.399414
4720.406831	0.085584	0.102566	14665.167969
4720.407737	0.085554	0.102566	14742.679687
4720.408686	0.085562	0.102566	14823.877930
4720.409607	0.085514	0.102566	14902.636719
4721.419709	1.089111	0.106144	461.783203
4721.420620	1.613840	0.106144	1931.991699
4721.421570	1.608940	0.106144	3460.485107
4721.422506	1.565823	0.106144	4926.095215
4721.423385	1.524639	0.106144	6266.252441
4721.424350	1.479976	0.106144	7694.428711
4721.425303	1.439634	0.106144	9066.399414
4721.426197	1.402654	0.106144	10320.372070
4721.427324	1.357489	0.106144	11850.261719
4721.428290	1.320579	0.106144	13125.940430
4721.429220	1.065136	0.106144	14116.516602
4721.430087	0.146840	0.106144	14243.826172
4721.431062	0.085499	0.106144	14327.187500
4721.432000	0.085562	0.106144	14407.444336
4721.432879	0.085569	0.106144	14482.659180
4721.433748	0.085565	0.106144	14557.015625
4721.434711	0.085554	0.106144	14639.404297
4721.435657	0.085598	0.106144	14720.379883
4721.436545	0.085594	0.106144	14796.387695
4721.437461	0.085554	0.106144	14874.754883
4721.438413	0.085576	0.106144	14956.223633
4722.465221	1.093557	0.093233	473.510223
4722.466084	1.614067	0.093233	1866.450317
4722.467079	1.609175	0.093233	3467.579102
4722.467959	1.567064	0.093233	4846.595703
4722.468878	1.524576	0.093233	6247.681641
4722.469759	1.483942	0.093233	7555.034180
4722.470744	1.442585	0.093233	8975.980469
4722.471670	1.403782	0.093233	10275.882812
4722.472552	1.368472	0.093233	11482.875000
4722.473574	1.329338	0.093233	12841.458984
4722.474478	1.255844	0.093233	13976.741211
4722.475394	0.260610	0.093233	14215.459961
4722.476258	0.085759	0.093233	14289.555664
4722.477240	0.085587	0.093233	14373.602539
4722.478151	0.085562	0.093233	14451.548828
4722.479050	0.085624	0.093233	14528.524414
4722.479922	0.085576	0.093233	14603.146484
4722.480871	0.085660	0.093233	14684.438477
4722.481791	0.085554	0.093233	14763.148437
4722.482671	0.085584	0.093233	14838.461914
4722.483679	0.085620	0.093233	14924.766602
4723.495357	1.084380	0.107376	458.692657
4723.496308	1.613723	0.107376	1993.343384
4723.497278	1.607043	0.107376	3552.175293
4723.498203	1.563970	0.107376	4998.847168
4723.499068	1.522668	0.107376	6315.955566
4723.500095	1.476691	0.107376	7832.516602
4723.500993	1.437766	0.107376	9123.630859
4723.501873	1.401365	0.107376	10356.832031
4723.502784	1.364561	0.107376	11599.947266
4723.503810	1.325585	0.107376	12959.997070
4723.504724	1.191995	0.107376	14049.480469
4723.505623	0.196802	0.107376	14226.405273
4723.506613	0.085598	0.107376	14311.147461
4723.507516	0.085558	0.107376	14388.406250
4723.508435	0.085525	0.107376	14467.003906
4723.509291	0.085609	0.107376	14540.285156
4723.510329	0.085518	0.107376	14629.052734
4723.511219	0.085507	0.107376	14705.153320
4723.512082	0.085503	0.107376	14778.942383
4723.513054	0.085540	0.107376	14862.086914
4723.513985	0.085569	0.107376	14941.751953
4724.538300	1.083102	0.093938	459.235138
4724.539308	1.616616	0.093938	2088.784424
4724.540303	1.602920	0.093938	3683.689697
4724.541183	1.561373	0.093938	5057.698242
4724.542055	1.518673	0.093938	6381.981445
4724.543151	1.471201	0.093938	7994.417969
4724.544063	1.432123	0.093938	9300.513672
4724.544943	1.396234	0.093938	10529.199219
4724.545937	1.357361	0.093938	11878.416016
4724.546945	1.318088	0.093938	13207.048828
4724.547834	1.033627	0.093938	14125.943359
4724.548712	0.135817	0.093938	14245.190430
4724.549711	0.085525	0.093938	14330.629883
4724.550651	0.085507	0.093938	14411.005859
4724.551533	0.085536	0.093938	14486.448242
4724.552501	0.085682	0.093938	14569.388672
4724.553527	0.085503	0.093938	14657.114258
4724.554412	0.085529	0.093938	14732.806641
4724.555277	0.085594	0.093938	14806.845703
4724.556233	0.085594	0.093938	14888.673828
4724.557177	0.085638	0.093938	14969.516602
4725.570026	1.136631	0.099529	533.079895
4725.570903	1.617960	0.099529	1952.031006
4725.571867	1.608142	0.099529	3502.280029
4725.572917	1.559022	0.099529	5139.253418
4725.573845	1.515934	0.099529	6546.040039
4725.574709	1.476127	0.099529	7821.413574
4725.575775	1.431379	0.099529	9347.263672
4725.576787	1.389562	0.099529	10753.500000
4725.577673	1.354834	0.099529	11953.882812
4725.578660	1.317491	0.099529	13254.247070
4725.579721	0.803716	0.099529	14106.989258
4725.580618	0.097881	0.099529	14194.788086
4725.581477	0.085576	0.099529	14268.297852
4725.582545	0.085741	0.099529	14359.869141
4725.583549	0.085635	0.099529	14445.846680
4725.584439	0.085543	0.099529	14521.980469
4725.585430	0.085616	0.099529	14606.826172
4725.586483	0.085653	0.099529	14697.018555
4725.587385	0.085620	0.099529	14774.248047
4725.588257	0.085562	0.099529	14848.857422
4725.589359	0.085616	0.099529	14943.207031
4726.613959	1.095864	0.098131	474.509186
4726.614901	1.618652	0.098131	1999.279663
4726.615831	1.607717	0.098131	3494.456787
4726.616753	1.565343	0.098131	4937.703125
4726.617618	1.523745	0.098131	6255.742676
4726.618571	1.480774	0.098131	7666.919922
4726.619525	1.440249	0.098131	9040.917969
4726.620418	1.403306	0.098131	10294.070312
4726.621369	1.365681	0.098131	11592.833008
4726.622426	1.324208	0.098131	12992.520508
4726.623422	1.087654	0.098131	14075.824219
4726.624322	0.147880	0.098131	14208.916016
4726.625307	0.085580	0.098131	14293.211914
4726.626367	0.085518	0.098131	14383.860352
4726.627264	0.085477	0.098131	14460.533203
4726.628128	0.085580	0.098131	14534.474609
4726.629217	0.085594	0.098131	14627.686523
4726.630179	0.085569	0.098131	14710.003906
4726.631036	0.085540	0.098131	14783.311523
4726.632106	0.085668	0.098131	14874.975586
4726.633140	0.085554	0.098131	14963.438477
4727.645158	1.146691	0.098800	525.184326
4727.646053	1.618312	0.098800	1973.573364
4727.646918	1.610607	0.098800	3366.748047
4727.647892	1.566475	0.098800	4892.494141
4727.648855	1.522156	0.098800	6358.330078
4727.649732	1.481547	0.098800	7657.646484
4727.650655	1.442073	0.098800	8988.679687
4727.651610	1.402452	0.098800	10328.021484
4727.652536	1.365692	0.098800	11592.652344
4727.653413	1.331283	0.098800	12760.187500
4727.654356	1.269672	0.098800	13957.488281
4727.655301	0.249796	0.098800	14193.545898
4727.656189	0.085697	0.098800	14269.644531
4727.657231	0.085558	0.098800	14358.795898
4727.658170	0.085463	0.098800	14439.044922
4727.659094	0.085620	0.098800	14518.158203
4727.659953	0.085602	0.098800	14591.690430
4727.660916	0.085565	0.098800	14674.089844
4727.661856	0.085540	0.098800	14754.497070
4727.662733	0.085573	0.098800	14829.543945
4727.663645	0.085529	0.098800	14907.545898
4728.689090	1.095033	0.108202	468.674103
4728.690083	1.620231	0.108202	2077.563232
4728.691008	1.606670	0.108202	3563.732910
4728.691880	1.565266	0.108202	4928.645020
4728.692798	1.522635	0.108202	6326.424316
4728.693753	1.478569	0.108202	7738.458008
4728.694698	1.438304	0.108202	9097.655273
4728.695594	1.401698	0.108202	10353.576172
4728.696508	1.365128	0.108202	11601.303711
4728.697475	1.327742	0.108202	12885.230469
4728.698398	1.240049	0.108202	14029.795898
4728.699271	0.249880	0.108202	14247.941406
4728.700235	0.085609	0.108202	14330.468750
4728.701163	0.085543	0.108202	14409.852539
4728.702065	0.085609	0.108202	14487.072266
4728.702921	0.085543	0.108202	14560.296875
4728.703878	0.085514	0.108202	14642.133789
4728.704803	0.085616	0.108202	14721.329102
4728.705678	0.085576	0.108202	14796.208008
4728.706669	0.085580	0.108202	14881.017578
4728.707590	0.085584	0.108202	14959.839844
4729.719760	1.119496	0.099102	494.817169
4729.720645	1.616499	0.099102	1925.418701
4729.721523	1.612262	0.099102	3340.984863
4729.722512	1.567225	0.099102	4890.970703
4729.723451	1.522621	0.099102	6320.711914
4729.724382	1.480642	0.099102	7699.189453
4729.725250	1.442479	0.099102	8951.261719
4729.726284	1.400607	0.099102	10399.489258
4729.727167	1.365271	0.099102	11605.023437
4729.728036	1.331327	0.099102	12761.946289
4729.729007	1.228857	0.099102	13955.166992
4729.729958	0.230918	0.099102	14174.769531
4729.730877	0.085547	0.099102	14253.386719
4729.731751	0.085594	0.099102	14328.196289
4729.732776	0.085686	0.099102	14416.024414
4729.733664	0.085576	0.099102	14492.015625
4729.734536	0.085587	0.099102	14566.647461
4729.735405	0.085690	0.099102	14641.111328
4729.736443	0.085620	0.099102	14729.985352
4729.737318	0.085540	0.099102	14804.832031
4729.738186	0.085616	0.099102	14879.147461
4730.762747	1.148866	0.099892	560.646606
4730.763632	1.619564	0.099892	1993.960937
4730.764566	1.607585	0.099892	3495.445801
4730.765637	1.557876	0.099892	5163.931152
4730.766588	1.513777	0.099892	6603.533203
4730.767454	1.474178	0.099892	7880.171875
4730.768508	1.429728	0.099892	9387.104492
4730.769526	1.388357	0.099892	10800.452148
4730.770411	1.353325	0.099892	11998.144531
4730.771272	1.319594	0.099892	13134.314453
4730.772339	0.881631	0.099892	14075.014648
4730.773261	0.103418	0.099892	14170.366211
4730.774126	0.085507	0.099892	14244.329102
4730.775053	0.085642	0.099892	14323.719727
4730.776104	0.085562	0.099892	14413.644531
4730.777002	0.085540	0.099892	14490.458984
4730.777867	0.085580	0.099892	14564.485352
4730.778900	0.085609	0.099892	14652.919922
4730.779853	0.085554	0.099892	14734.453125
4730.780729	0.085492	0.099892	14809.343750
4730.781644	0.085693	0.099892	14887.752930
4731.795909	1.097798	0.106273	474.248627
4731.796773	1.613591	0.106273	1868.391602
4731.797759	1.608823	0.106273	3454.691406
4731.798703	1.565471	0.106273	4932.496094
4731.799607	1.522881	0.106273	6309.180664
4731.800525	1.481803	0.106273	7669.475586
4731.801493	1.440242	0.106273	9063.629883
4731.802416	1.401687	0.106273	10357.386719
4731.803291	1.366857	0.106273	11553.386719
4731.804244	1.329188	0.106273	12820.103516
4731.805169	1.231879	0.106273	13959.591797
4731.806101	0.237623	0.106273	14181.056641
4731.806976	0.085624	0.106273	14255.977539
4731.807941	0.085594	0.106273	14338.576172
4731.808886	0.085547	0.106273	14419.417969
4731.809774	0.085580	0.106273	14495.413086
4731.810674	0.085518	0.106273	14572.378906
4731.811627	0.085631	0.106273	14653.985352
4731.812554	0.085613	0.106273	14733.348633
4731.813414	0.085675	0.106273	14807.029297
4731.814416	0.085576	0.106273	14892.776367
4732.835774	1.090214	0.094393	463.340790
4732.836686	1.614023	0.094393	1935.330200
4732.837631	1.608303	0.094393	3455.176758
4732.838559	1.566046	0.094393	4908.467773
4732.839423	1.524459	0.094393	6225.600586
4732.840404	1.481041	0.094393	7678.501953
4732.841351	1.440707	0.094393	9042.851562
4732.842225	1.403705	0.094393	10269.689453
4732.843137	1.367779	0.094393	11517.104492
4732.844086	1.330668	0.094393	12779.908203
4732.845013	1.272686	0.094393	13959.687500
4732.845892	0.302871	0.094393	14225.911133
4732.846832	0.085715	0.094393	14306.483398
4732.847759	0.085576	0.094393	14385.812500
4732.848683	0.085525	0.094393	14464.837891
4732.849546	0.085532	0.094393	14538.652344
4732.850512	0.085649	0.094393	14621.389648
4732.851460	0.085620	0.094393	14702.557617
4732.852328	0.085620	0.094393	14776.875977
4732.853197	0.085580	0.094393	14851.245117
4732.854170	0.085565	0.094393	14934.500000
4733.869546	1.112970	0.097656	511.966187
4733.870457	1.617587	0.097656	1985.587646
4733.871324	1.610310	0.097656	3381.726562
4733.872235	1.567866	0.097656	4810.052734
4733.873197	1.523156	0.097656	6275.328125
4733.874140	1.480624	0.097656	7671.556641
4733.875034	1.442197	0.097656	8960.880859
4733.875943	1.404745	0.097656	10237.793945
4733.876903	1.366893	0.097656	11550.011719
4733.877836	1.330225	0.097656	12791.111328
4733.878702	1.290399	0.097656	13908.596680
4733.879661	0.282085	0.097656	14179.116211
4733.880602	0.085701	0.097656	14259.760742
4733.881532	0.085507	0.097656	14339.282227
4733.882388	0.085514	0.097656	14412.482422
4733.883336	0.085518	0.097656	14493.552734
4733.884290	0.085521	0.097656	14575.139648
4733.885177	0.085532	0.097656	14651.006836
4733.886086	0.085576	0.097656	14728.795898
4733.887009	0.085503	0.097656	14807.714844
4733.887929	0.085594	0.097656	14886.461914
4734.910937	1.116555	0.098651	495.750519
4734.911802	1.615301	0.098651	1892.986328
4734.912792	1.608116	0.098651	3485.021484
4734.913721	1.565079	0.098651	4938.980469
4734.914605	1.523591	0.098651	6285.834961
4734.915509	1.482305	0.098651	7625.838379
4734.916453	1.440747	0.098651	8985.903320
4734.917379	1.402976	0.098651	10285.058594
4734.918254	1.367574	0.098651	11481.686523
4734.919262	1.328771	0.098651	12821.087891
4734.920166	1.259315	0.098651	13959.508789
4734.921091	0.250968	0.098651	14191.654297
4734.921957	0.085686	0.098651	14265.858398
4734.922957	0.085529	0.098651	14351.386719
4734.923874	0.085573	0.098651	14429.856445
4734.924753	0.085543	0.098651	14505.048828
4734.925702	0.085514	0.098651	14586.201172
4734.926615	0.085536	0.098651	14664.295898
4734.927550	0.085554	0.098651	14744.289062
4734.928429	0.085627	0.098651	14819.555664
4734.929393	0.085503	0.098651	14901.980469
4735.944117	1.089174	0.101587	457.452881
4735.945204	1.622051	0.101587	2220.622070
4735.946145	1.601664	0.101587	3727.787598
4735.947025	1.560176	0.101587	5100.742187
4735.947987	1.516077	0.101587	6559.208008
4735.948998	1.470216	0.101587	8045.596680
4735.949885	1.432247	0.101587	9316.000000
4735.950750	1.396014	0.101587	10523.552734
4735.951835	1.354281	0.101587	11992.947266
4735.952765	1.318048	0.101587	13218.732422
4735.953636	1.059338	0.101587	14141.416016
4735.954594	0.141277	0.101587	14276.758789
4735.955616	0.085529	0.101587	14364.168945
4735.956506	0.085558	0.101587	14440.315430
4735.957371	0.085543	0.101587	14514.310547
4735.958430	0.085686	0.101587	14605.051758
4735.959375	0.085521	0.101587	14685.869141
4735.960253	0.085562	0.101587	14760.992187
4735.961169	0.085723	0.101587	14839.513672
4735.962222	0.085616	0.101587	14929.667969
4735.963093	0.085496	0.101587	15004.134766
4736.987071	1.087496	0.107638	463.273407
4736.988106	1.618184	0.107638	2138.093506
4736.989091	1.601349	0.107638	3715.422119
4736.989983	1.559689	0.107638	5106.664551
4736.990844	1.517875	0.107638	6413.554687
4736.991954	1.470560	0.107638	8045.876465
4736.992848	1.431427	0.107638	9325.572266
4736.993719	1.395480	0.107638	10541.035156
4736.994719	1.356196	0.107638	11897.231445
4736.995726	1.316895	0.107638	13223.343750
4736.996623	1.014679	0.107638	14133.510742
4736.997491	0.131510	0.107638	14247.661133
4736.998576	0.085671	0.107638	14340.614258
4736.999492	0.085591	0.107638	14419.015625
4737.000364	0.085547	0.107638	14493.612305
4737.001346	0.085620	0.107638	14577.691406
4737.002343	0.085514	0.107638	14662.949219
4737.003232	0.085602	0.107638	14739.048828
4737.004093	0.085510	0.107638	14812.672852
4737.005172	0.085598	0.107638	14905.033203
4737.006079	0.085573	0.107638	14982.647461
4738.019772	1.084043	0.109523	456.382111
4738.020763	1.615466	0.109523	2057.309326
4738.021827	1.600302	0.109523	3760.030273
4738.022738	1.557085	0.109523	5178.534668
4738.023612	1.514311	0.109523	6502.042969
4738.024726	1.466356	0.109523	8135.563477
4738.025702	1.425619	0.109523	9526.967773
4738.026574	1.389569	0.109523	10738.671875
4738.027634	1.348132	0.109523	12167.692383
4738.028680	1.308234	0.109523	13536.104492
4738.029584	0.705110	0.109523	14173.523437
4738.030509	0.093820	0.109523	14260.306641
4738.031590	0.085609	0.109523	14352.850586
4738.032540	0.085573	0.109523	14434.144531
4738.033399	0.085547	0.109523	14507.628906
4738.034440	0.085668	0.109523	14596.808594
4738.035457	0.085594	0.109523	14683.858398
4738.036346	0.085547	0.109523	14759.909180
4738.037295	0.085624	0.109523	14841.166016
4738.038335	0.085594	0.109523	14930.184570
4738.039251	0.085598	0.109523	15008.592773
4739.061204	1.107587	0.098147	487.338104
4739.062076	1.615217	0.098147	1895.807617
4739.062987	1.611174	0.098147	3363.587402
4739.063912	1.567189	0.098147	4813.236816
4739.064870	1.523218	0.098147	6272.479492
4739.065763	1.482832	0.098147	7596.648437
4739.066680	1.443252	0.098147	8920.110352
4739.067643	1.403697	0.098147	10271.871094
4739.068566	1.366871	0.098147	11533.493164
4739.069435	1.332748	0.098147	12691.651367
4739.070490	1.203120	0.098147	13960.943359
4739.071543	0.173251	0.098147	14143.375977
4739.072473	0.085521	0.098147	14222.911133
4739.073336	0.085635	0.098147	14296.813477
4739.074396	0.085668	0.098147	14387.621094
4739.075405	0.085649	0.098147	14474.041016
4739.076286	0.085605	0.098147	14549.458984
4739.077265	0.085591	0.098147	14633.251953
4739.078307	0.085679	0.098147	14722.529297
4739.079218	0.085620	0.098147	14800.529297
4739.080074	0.085638	0.098147	14873.835937
4740.094419	1.111897	0.104999	485.898987
4740.095286	1.614642	0.104999	1885.793945
4740.096264	1.608959	0.104999	3459.355469
4740.097187	1.566042	0.104999	4904.812500
4740.098063	1.524855	0.104999	6240.584961
4740.098970	1.483700	0.104999	7586.300781
4740.099906	1.441923	0.104999	8935.940430
4740.100859	1.402789	0.104999	10272.798828
4740.101759	1.367556	0.104999	11503.599609
4740.102673	1.331331	0.104999	12720.435547
4740.103648	1.259579	0.104999	13948.525391
4740.104583	0.253118	0.104999	14185.190430
4740.105442	0.085671	0.104999	14258.782227
4740.106409	0.085613	0.104999	14341.569336
4740.107360	0.085543	0.104999	14422.920898
4740.108245	0.085551	0.104999	14498.632812
4740.109166	0.085565	0.104999	14577.438477
4740.110079	0.085532	0.104999	14655.529297
4740.111028	0.085671	0.104999	14736.831055
4740.111917	0.085616	0.104999	14812.944336
4740.112832	0.085616	0.104999	14891.283203
4741.135844	1.109718	0.104013	518.238281
4741.136776	1.620015	0.104013	2028.091919
4741.137667	1.608369	0.104013	3461.148926
4741.138573	1.567189	0.104013	4881.021973
4741.139512	1.522390	0.104013	6310.546387
4741.140466	1.479258	0.104013	7721.758301
4741.141348	1.441256	0.104013	8992.946289
4741.142279	1.402767	0.104013	10298.922852
4741.143232	1.365073	0.104013	11599.837891
4741.144150	1.328767	0.104013	12819.646484
4741.145029	1.255400	0.104013	13923.143555
4741.145999	0.260332	0.104013	14175.666016
4741.146940	0.085521	0.104013	14256.141602
4741.147825	0.085565	0.104013	14331.867187
4741.148721	0.085543	0.104013	14408.513672
4741.149648	0.085587	0.104013	14487.852539
4741.150591	0.085613	0.104013	14568.584961
4741.151475	0.085627	0.104013	14644.279297
4741.152398	0.085580	0.104013	14723.269531
4741.153350	0.085616	0.104013	14804.776367
4741.154252	0.085532	0.104013	14881.926758
4742.168591	1.198253	0.102280	597.928345
4742.169477	1.619590	0.102280	2032.885010
4742.170403	1.607384	0.102280	3521.322754
4742.171272	1.565398	0.102280	4881.653320
4742.172278	1.520438	0.102280	6411.213867
4742.173190	1.478101	0.102280	7759.241699
4742.174077	1.440209	0.102280	9036.707031
4742.174995	1.402559	0.102280	10324.255859
4742.175951	1.364670	0.102280	11628.880859
4742.176879	1.328503	0.102280	12861.732422
4742.177759	1.267379	0.102280	13977.026367
4742.178724	0.241168	0.102280	14209.753906
4742.179656	0.085613	0.102280	14289.544922
4742.180528	0.085437	0.102280	14364.045898
4742.181697	0.085642	0.102280	14464.161133
4742.182606	0.085635	0.102280	14542.002930
4742.183527	0.085631	0.102280	14620.869141
4742.184392	0.085562	0.102280	14694.879883
4742.185348	0.085620	0.102280	14776.732422
4742.186276	0.085576	0.102280	14856.147461
4742.187189	0.085609	0.102280	14934.308594
4743.211043	1.164108	0.103932	615.812988
4743.211997	1.623442	0.103932	2164.577148
4743.212925	1.603363	0.103932	3652.498047
4743.213791	1.562000	0.103932	5005.189453
4743.214839	1.514388	0.103932	6592.268555
4743.215734	1.473633	0.103932	7911.169922
4743.216609	1.435931	0.103932	9167.609375
4743.217540	1.397534	0.103932	10468.713867
4743.218547	1.358156	0.103932	11836.376953
4743.219466	1.322450	0.103932	13051.708984
4743.220331	1.169561	0.103932	14063.378906
4743.221406	0.138083	0.103932	14211.818359
4743.222300	0.085514	0.103932	14288.267578
4743.223175	0.085591	0.103932	14363.159180
4743.224049	0.085737	0.103932	14438.093750
4743.225084	0.085627	0.103932	14526.717773
4743.225978	0.085488	0.103932	14603.144531
4743.226855	0.085521	0.103932	14678.146484
4743.227862	0.085518	0.103932	14764.262695
4743.228792	0.085514	0.103932	14843.791016
4743.229713	0.085642	0.103932	14922.666992
4744.243135	1.089814	0.105592	467.530396
4744.244158	1.619436	0.105592	2124.213379
4744.245119	1.603213	0.105592	3664.900879
4744.245998	1.561765	0.105592	5037.692383
4744.246872	1.519193	0.105592	6365.467285
4744.247968	1.472501	0.105592	7979.328613
4744.248856	1.433932	0.105592	9252.660156
4744.249721	1.398032	0.105592	10461.958008
4744.250763	1.357152	0.105592	11876.110352
4744.251734	1.319077	0.105592	13156.934570
4744.252659	1.048008	0.105592	14126.341797
4744.253524	0.139955	0.105592	14247.402344
4744.254621	0.085521	0.105592	14341.218750
4744.255500	0.085584	0.105592	14416.446289
4744.256364	0.085554	0.105592	14490.365234
4744.257425	0.085660	0.105592	14581.250977
4744.258402	0.085591	0.105592	14664.873047
4744.259278	0.085565	0.105592	14739.828125
4744.260141	0.085635	0.105592	14813.730469
4744.261244	0.085679	0.105592	14908.234375
4744.262146	0.085576	0.105592	14985.423828
4745.286710	1.180016	0.109290	649.008728
4745.287775	1.624123	0.109290	2378.700195
4745.288673	1.598467	0.109290	3814.123291
4745.289536	1.555686	0.109290	5156.680176
4745.290623	1.507148	0.109290	6794.950195
4745.291609	1.462716	0.109290	8237.188477
4745.292506	1.425337	0.109290	9515.715820
4745.293499	1.385153	0.109290	10891.171875
4745.294552	1.344232	0.109290	12306.648437
4745.295441	1.309706	0.109290	13470.976562
4745.296333	0.759097	0.109290	14148.090820
4745.297444	0.088942	0.109290	14246.905273
4745.298399	0.085631	0.109290	14328.682617
4745.299263	0.085598	0.109290	14402.639648
4745.300305	0.085723	0.109290	14491.962891
4745.301324	0.085576	0.109290	14579.165039
4745.302214	0.085642	0.109290	14655.386719
4745.303144	0.085624	0.109290	14735.016602
4745.304185	0.085756	0.109290	14824.288086
4745.305125	0.085554	0.109290	14904.708984
4745.305988	0.085671	0.109290	14978.643555
4746.317273	1.107100	0.111542	502.623230
4746.318163	1.617173	0.111542	1941.906982
4746.319087	1.609537	0.111542	3429.119629
4746.320048	1.565391	0.111542	4933.459961
4746.320977	1.521907	0.111542	6347.311523
4746.321848	1.481667	0.111542	7637.843750
4746.322769	1.440897	0.111542	8964.910156
4746.323726	1.401526	0.111542	10306.169922
4746.324661	1.364916	0.111542	11582.366211
4746.325544	1.329826	0.111542	12756.602539
4746.326521	1.238822	0.111542	13966.931641
4746.327475	0.240304	0.111542	14196.181641
4746.328360	0.085547	0.111542	14271.890625
4746.329245	0.085598	0.111542	14347.644531
4746.330354	0.085697	0.111542	14442.682617
4746.331367	0.085602	0.111542	14529.397461
4746.332254	0.085521	0.111542	14605.254883
4746.333226	0.085646	0.111542	14688.502930
4746.334271	0.085591	0.111542	14777.945312
4746.335175	0.085620	0.111542	14855.345703
4746.336032	0.085712	0.111542	14928.800781
4747.362283	1.107938	0.110385	526.270630
4747.363235	1.619674	0.110385	2068.200195
4747.364156	1.605249	0.110385	3546.634521
4747.365036	1.564471	0.110385	4923.369141
4747.365969	1.520940	0.110385	6342.406250
4747.366922	1.478137	0.110385	7751.071289
4747.367799	1.439938	0.110385	9013.896484
4747.368717	1.401731	0.110385	10300.685547
4747.369670	1.364290	0.110385	11600.853516
4747.370600	1.328005	0.110385	12835.898437
4747.371482	1.256012	0.110385	13943.701172
4747.372460	0.242629	0.110385	14180.993164
4747.373375	0.085558	0.110385	14259.278320
4747.374307	0.085635	0.110385	14339.089844
4747.375171	0.085605	0.110385	14413.052734
4747.376136	0.085616	0.110385	14495.672852
4747.377092	0.085638	0.110385	14577.542969
4747.377966	0.085605	0.110385	14652.362305
4747.378880	0.085627	0.110385	14730.625977
4747.379828	0.085620	0.110385	14811.793945
4747.380753	0.085631	0.110385	14891.002930
4748.391350	1.085138	0.110160	455.757904
4748.392335	1.617971	0.110160	2049.459473
4748.393263	1.606685	0.110160	3540.462891
4748.394146	1.565219	0.110160	4922.550781
4748.395036	1.523683	0.110160	6278.628418
4748.395981	1.480642	0.110160	7677.834961
4748.396908	1.440359	0.110160	9013.047852
4748.397799	1.403595	0.110160	10263.651367
4748.398719	1.367168	0.110160	11521.446289
4748.399674	1.330177	0.110160	12791.765625
4748.400571	1.286235	0.110160	13945.518555
4748.401489	0.322815	0.110160	14241.862305
4748.402438	0.085825	0.110160	14323.310547
4748.403356	0.085580	0.110160	14401.873047
4748.404255	0.085653	0.110160	14478.875000
4748.405113	0.085536	0.110160	14552.264648
4748.406078	0.085594	0.110160	14634.863281
4748.406984	0.085576	0.110160	14712.395508
4748.407861	0.085532	0.110160	14787.407227
4748.408806	0.085638	0.110160	14868.335937
4748.409757	0.085594	0.110160	14949.736328
4749.436862	1.089196	0.110841	462.908142
4749.437745	1.612888	0.110841	1887.088379
4749.438708	1.608182	0.110841	3435.768066
4749.439662	1.564684	0.110841	4928.476562
4749.440557	1.522936	0.110841	6291.503906
4749.441475	1.481364	0.110841	7651.395508
4749.442433	1.440205	0.110841	9031.111328
4749.443357	1.401716	0.110841	10326.296875
4749.444225	1.367124	0.110841	11512.960937
4749.445174	1.330551	0.110841	12775.653320
4749.446088	1.259608	0.110841	13926.935547
4749.447019	0.269861	0.110841	14178.175781
4749.447896	0.085778	0.110841	14253.402344
4749.448869	0.085540	0.110841	14336.632812
4749.449786	0.085573	0.110841	14415.102539
4749.450658	0.085613	0.110841	14489.756836
4749.451618	0.085598	0.110841	14571.930664
4749.452523	0.085562	0.110841	14649.364258
4749.453452	0.085576	0.110841	14728.864258
4749.454313	0.085518	0.110841	14802.495117
4749.455275	0.085573	0.110841	14884.815430
4750.466005	1.110337	0.113511	488.548248
4750.466881	1.615375	0.113511	1903.616455
4750.467822	1.608743	0.113511	3417.443359
4750.468767	1.564625	0.113511	4896.014160
4750.469693	1.522097	0.113511	6305.476074
4750.470562	1.481744	0.113511	7593.111816
4750.471531	1.440978	0.113511	8989.418945
4750.472488	1.401581	0.113511	10330.731445
4750.473388	1.365974	0.113511	11560.108398
4750.474314	1.330140	0.113511	12791.818359
4750.475277	1.248893	0.113511	13994.501953
4750.476194	0.236173	0.113511	14211.072266
4750.477070	0.085701	0.113511	14286.146484
4750.478003	0.085631	0.113511	14366.040039
4750.478960	0.085631	0.113511	14447.989258
4750.479885	0.085631	0.113511	14527.198242
4750.480746	0.085558	0.113511	14600.863281
4750.481709	0.085605	0.113511	14683.301758
4750.482647	0.085624	0.113511	14763.617187
4750.483544	0.085518	0.113511	14840.326172
4750.484464	0.085602	0.113511	14919.080078
4751.512005	1.092554	0.106196	469.798096
4751.512878	1.614071	0.106196	1878.882080
4751.513822	1.610277	0.106196	3398.983887
4751.514746	1.566361	0.106196	4846.301758
4751.515662	1.524027	0.106196	6242.310547
4751.516534	1.484388	0.106196	7536.697266
4751.517501	1.443171	0.106196	8932.244141
4751.518450	1.403705	0.106196	10264.360352
4751.519331	1.368281	0.106196	11469.816406
4751.520289	1.331525	0.106196	12745.416992
4751.521221	1.266958	0.106196	13926.221680
4751.522145	0.283737	0.106196	14188.394531
4751.523034	0.085712	0.106196	14264.591797
4751.523978	0.085587	0.106196	14345.385742
4751.524902	0.085499	0.106196	14424.386719
4751.525815	0.085466	0.106196	14502.416992
4751.526679	0.085605	0.106196	14576.379883
4751.527715	0.085536	0.106196	14664.995117
4751.528632	0.085510	0.106196	14743.408203
4751.529505	0.085554	0.106196	14818.096680
4751.530373	0.085529	0.106196	14892.335937
4752.540214	1.201824	0.114583	659.801208
4752.541147	1.623325	0.114583	2174.363525
4752.542068	1.603070	0.114583	3650.791016
4752.542952	1.560773	0.114583	5030.514160
4752.544000	1.513301	0.114583	6616.453125
4752.544893	1.472710	0.114583	7931.583008
4752.545776	1.434976	0.114583	9198.666016
4752.546734	1.396025	0.114583	10536.058594
4752.547702	1.357778	0.114583	11850.387695
4752.548625	1.321945	0.114583	13070.542969
4752.549493	1.165675	0.114583	14082.348633
4752.550536	0.146840	0.114583	14235.501953
4752.551412	0.085441	0.114583	14310.347656
4752.552273	0.085605	0.114583	14384.053711
4752.553173	0.085653	0.114583	14461.141602
4752.554195	0.085576	0.114583	14548.600586
4752.555095	0.085584	0.114583	14625.625977
4752.555972	0.085613	0.114583	14700.708008
4752.556961	0.085620	0.114583	14785.386719
4752.557887	0.085598	0.114583	14864.650391
4752.558809	0.085605	0.114583	14943.579102
4753.586715	1.179558	0.105362	595.676880
4753.587654	1.622113	0.105362	2118.840820
4753.588531	1.606531	0.105362	3527.768066
4753.589480	1.562157	0.105362	5010.254883
4753.590539	1.513451	0.105362	6612.999512
4753.591421	1.472772	0.105362	7911.984375
4753.592296	1.435166	0.105362	9167.754883
4753.593346	1.392037	0.105362	10629.394531
4753.594294	1.355003	0.105362	11913.936523
4753.595174	1.321040	0.105362	13076.452148
4753.596123	1.036783	0.105362	14060.359375
4753.597154	0.114946	0.105362	14178.869141
4753.598044	0.085496	0.105362	14254.959961
4753.598905	0.085616	0.105362	14328.675781
4753.599946	0.085624	0.105362	14417.810547
4753.600905	0.085536	0.105362	14499.839844
4753.601781	0.085576	0.105362	14574.804687
4753.602694	0.085609	0.105362	14652.965820
4753.603753	0.085536	0.105362	14743.547852
4753.604646	0.085635	0.105362	14820.019531
4753.605505	0.085664	0.105362	14893.604492
4754.615226	1.086541	0.116633	461.779755
4754.616093	1.612584	0.116633	1859.890259
4754.617158	1.605282	0.116633	3569.515625
4754.618054	1.563128	0.116633	4970.078125
4754.618934	1.522185	0.116633	6309.601074
4754.619891	1.479331	0.116633	7725.320801
4754.620853	1.437521	0.116633	9108.215820
4754.621783	1.399373	0.116633	10409.632812
4754.622652	1.364385	0.116633	11595.283203
4754.623708	1.324504	0.116633	12993.959961
4754.624584	1.202025	0.116633	14046.933594
4754.625457	0.215317	0.116633	14234.905273
4754.626376	0.085679	0.116633	14313.643555
4754.627379	0.085514	0.116633	14399.414062
4754.628287	0.085510	0.116633	14477.057617
4754.629162	0.085521	0.116633	14551.888672
4754.630242	0.085616	0.116633	14644.354492
4754.631143	0.085540	0.116633	14721.425781
4754.632014	0.085638	0.116633	14796.016602
4754.632877	0.085554	0.116633	14869.849609
4754.633930	0.085573	0.116633	14959.957031
4755.661255	1.100636	0.111832	478.776672
4755.662178	1.617480	0.111832	1971.711182
4755.663050	1.609611	0.111832	3375.291504
4755.664056	1.564633	0.111832	4949.312012
4755.664990	1.520958	0.111832	6369.887207
4755.665874	1.480276	0.111832	7678.451172
4755.666775	1.441399	0.111832	8977.151367
4755.667708	1.401793	0.111832	10285.024414
4755.668661	1.364388	0.111832	11585.287109
4755.669556	1.329836	0.111832	12775.490234
4755.670473	1.255514	0.111832	13926.796875
4755.671448	0.261570	0.111832	14181.827148
4755.672365	0.085514	0.111832	14260.243164
4755.673239	0.085613	0.111832	14335.068359
4755.674217	0.085598	0.111832	14418.783203
4755.675160	0.085562	0.111832	14499.467773
4755.676036	0.085594	0.111832	14574.448242
4755.677152	0.085598	0.111832	14669.975586
4755.678096	0.085562	0.111832	14750.746094
4755.679014	0.085551	0.111832	14829.281250
4755.679877	0.085573	0.111832	14903.129883
4756.689337	1.108953	0.116110	469.086975
4756.690401	1.623355	0.116110	2196.336182
4756.691297	1.603638	0.116110	3633.195557
4756.692180	1.562644	0.116110	5013.010254
4756.693190	1.516736	0.116110	6544.913574
4756.694118	1.473409	0.116110	7912.237305
4756.695036	1.434675	0.116110	9229.269531
4756.695907	1.397772	0.116110	10446.729492
4756.696955	1.357610	0.116110	11869.504883
4756.697844	1.322714	0.116110	13045.397461
4756.698745	1.151836	0.116110	14083.201172
4756.699628	0.182838	0.116110	14244.647461
4756.700592	0.085492	0.116110	14327.061523
4756.701513	0.085540	0.116110	14405.843750
4756.702388	0.085543	0.116110	14480.694336
4756.703419	0.085554	0.116110	14568.900391
4756.704306	0.085507	0.116110	14644.745117
4756.705225	0.085543	0.116110	14723.359375
4756.706086	0.085591	0.116110	14797.052734
4756.707073	0.085540	0.116110	14881.480469
4756.707989	0.085507	0.116110	14959.804687
4757.737923	1.091583	0.117657	467.197632
4757.738789	1.613221	0.117657	1864.247314
4757.739795	1.607234	0.117657	3481.124512
4757.740719	1.563739	0.117657	4926.019531
4757.741646	1.521354	0.117657	6336.314453
4757.742517	1.480415	0.117657	7625.755859
4757.743561	1.436898	0.117657	9125.876953
4757.744454	1.399757	0.117657	10375.860352
4757.745340	1.364714	0.117657	11584.997070
4757.746349	1.326339	0.117657	12923.273437
4757.747295	1.173409	0.117657	14033.318359
4757.748225	0.185706	0.117657	14206.024414
4757.749085	0.085503	0.117657	14279.556641
4757.750116	0.085642	0.117657	14367.853516
4757.750987	0.085584	0.117657	14442.396484
4757.751857	0.085642	0.117657	14516.905273
4757.752797	0.085653	0.117657	14597.418945
4757.753768	0.085616	0.117657	14680.552734
4757.754671	0.085576	0.117657	14757.828125
4757.755544	0.085638	0.117657	14832.590820
4757.756577	0.085671	0.117657	14921.089844
4758.764476	1.086310	0.119739	460.595337
4758.765512	1.617590	0.119739	2136.418945
4758.766552	1.599181	0.119739	3799.567139
4758.767444	1.556777	0.119739	5188.212402
4758.768308	1.516223	0.119739	6498.229492
4758.769362	1.469341	0.119739	8046.915039
4758.770328	1.428289	0.119739	9426.641602
4758.771203	1.392224	0.119739	10644.837891
4758.772085	1.356182	0.119739	11840.990234
4758.773183	1.315950	0.119739	13285.903320
4758.774070	0.974451	0.119739	14150.241211
4758.774934	0.122911	0.119739	14256.436523
4758.775969	0.085551	0.119739	14344.981445
4758.776941	0.085488	0.119739	14428.076172
4758.777820	0.085536	0.119739	14503.262695
4758.778677	0.085554	0.119739	14576.583008
4758.779774	0.085591	0.119739	14670.476562
4758.780681	0.085485	0.119739	14748.010742
4758.781556	0.085576	0.119739	14822.889648
4758.782560	0.085584	0.119739	14908.815430
4758.783548	0.085532	0.119739	14993.321289
4759.811000	1.082461	0.112754	456.798492
4759.811998	1.615723	0.112754	2069.289795
4759.813067	1.599624	0.112754	3779.287842
4759.813965	1.556649	0.112754	5177.158691
4759.814843	1.513956	0.112754	6506.412109
4759.815966	1.465433	0.112754	8152.093750
4759.816932	1.424930	0.112754	9528.576172
4759.817806	1.388848	0.112754	10742.428711
4759.818864	1.347946	0.112754	12168.554687
4759.819887	1.308673	0.112754	13507.327148
4759.820789	0.735201	0.112754	14170.478516
4759.821740	0.095079	0.112754	14260.899414
4759.822767	0.085562	0.112754	14348.771484
4759.823694	0.085602	0.112754	14428.124023
4759.824557	0.085532	0.112754	14501.938477
4759.825605	0.085627	0.112754	14591.675781
4759.826609	0.085558	0.112754	14677.576172
4759.827480	0.085613	0.112754	14752.144531
4759.828446	0.085668	0.112754	14834.899414
4759.829497	0.085679	0.112754	14924.947266
4759.830418	0.085496	0.112754	15003.688477
4760.841141	1.084241	0.127179	454.296844
4760.842189	1.619810	0.127179	2151.857178
4760.843202	1.599126	0.127179	3771.771973
4760.844102	1.557059	0.127179	5173.125488
4760.845055	1.513271	0.127179	6615.273437
4760.846122	1.465279	0.127179	8178.726562
4760.847049	1.425886	0.127179	9500.523437
4760.847920	1.389397	0.127179	10710.688477
4760.849001	1.347869	0.127179	12167.734375
4760.849997	1.309493	0.127179	13471.990234
4760.850903	0.774587	0.127179	14173.766602
4760.851909	0.094541	0.127179	14268.875000
4760.852956	0.085514	0.127179	14358.408203
4760.853855	0.085598	0.127179	14435.361328
4760.854720	0.085620	0.127179	14509.422852
4760.855811	0.085616	0.127179	14602.830078
4760.856770	0.085598	0.127179	14684.918945
4760.857629	0.085536	0.127179	14758.394531
4760.858708	0.085715	0.127179	14850.881836
4760.859729	0.085507	0.127179	14938.183594
4760.860609	0.085609	0.127179	15013.519531
4761.885662	1.104316	0.113209	498.046661
4761.886543	1.616561	0.113209	1922.237183
4761.887429	1.609464	0.113209	3348.222412
4761.888400	1.564955	0.113209	4867.793457
4761.889330	1.522548	0.113209	6283.762695
4761.890197	1.482165	0.113209	7568.800293
4761.891169	1.440967	0.113209	8969.419922
4761.892120	1.402002	0.113209	10302.723633
4761.893018	1.366355	0.113209	11529.709961
4761.893934	1.330723	0.113209	12748.652344
4761.894895	1.260652	0.113209	13960.138672
4761.895823	0.258801	0.113209	14200.306641
4761.896686	0.085781	0.113209	14274.335937
4761.897606	0.085529	0.113209	14353.022461
4761.898550	0.085616	0.113209	14433.844727
4761.899476	0.085635	0.113209	14513.142578
4761.900358	0.085638	0.113209	14588.675781
4761.901314	0.085584	0.113209	14670.493164
4761.902264	0.085605	0.113209	14751.818359
4761.903153	0.085668	0.113209	14827.976562
4761.904031	0.085649	0.113209	14903.176758
4762.915297	1.102511	0.120819	504.950073
4762.916185	1.616971	0.120819	1940.820679
4762.917100	1.609464	0.120819	3413.480469
4762.918034	1.564925	0.120819	4875.121094
4762.918969	1.522207	0.120819	6298.384766
4762.919835	1.481935	0.120819	7581.740234
4762.920806	1.440941	0.120819	8980.894531
4762.921763	1.402028	0.120819	10322.634766
4762.922637	1.366480	0.120819	11516.937500
4762.923556	1.330799	0.120819	12739.942383
4762.924511	1.252551	0.120819	13936.128906
4762.925444	0.258413	0.120819	14177.228516
4762.926321	0.085774	0.120819	14252.452148
4762.927250	0.085573	0.120819	14331.949219
4762.928196	0.085536	0.120819	14412.866211
4762.929123	0.085554	0.120819	14492.174805
4762.929982	0.085576	0.120819	14565.684570
4762.930946	0.085598	0.120819	14648.201172
4762.931899	0.085573	0.120819	14729.751953
4762.932766	0.085587	0.120819	14803.956055
4762.933645	0.085587	0.120819	14879.187500
4763.960312	1.121199	0.113411	532.569336
4763.961208	1.617674	0.113411	1982.005615
4763.962084	1.609486	0.113411	3391.915527
4763.962977	1.568317	0.113411	4792.422363
4763.963928	1.523643	0.113411	6241.406250
4763.964863	1.480778	0.113411	7625.933594
4763.965758	1.442556	0.113411	8917.021484
4763.966668	1.404811	0.113411	10195.399414
4763.967619	1.367175	0.113411	11495.583008
4763.968549	1.331038	0.113411	12733.448242
4763.969432	1.287140	0.113411	13869.993164
4763.970425	0.294833	0.113411	14162.761719
4763.971339	0.085609	0.113411	14241.008789
4763.972213	0.085580	0.113411	14315.805664
4763.973258	0.085594	0.113411	14405.251953
4763.974199	0.085664	0.113411	14485.862305
4763.975125	0.085587	0.113411	14565.116211
4763.975988	0.085562	0.113411	14638.956055
4763.976929	0.085638	0.113411	14719.541992
4763.977887	0.085587	0.113411	14801.534180
4763.978789	0.085653	0.113411	14878.792969
4764.989898	1.105598	0.120533	484.251953
4764.990817	1.617484	0.120533	1970.719849
4764.991696	1.609050	0.120533	3385.075195
4764.992722	1.562604	0.120533	4988.306641
4764.993624	1.520541	0.120533	6359.834473
4764.994507	1.480422	0.120533	7667.047363
4764.995456	1.440102	0.120533	9033.705078
4764.996436	1.399402	0.120533	10405.119141
4764.997362	1.362946	0.120533	11667.207031
4764.998227	1.328855	0.120533	12816.666992
4764.999271	1.182301	0.120533	14050.989258
4765.000155	0.198105	0.120533	14226.114258
4765.001018	0.085605	0.120533	14299.992187
4765.001906	0.085635	0.120533	14376.036133
4765.002941	0.085594	0.120533	14464.625977
4765.003831	0.085635	0.120533	14540.840820
4765.004707	0.085587	0.120533	14615.815430
4765.005695	0.085682	0.120533	14700.469727
4765.006633	0.085613	0.120533	14780.774414
4765.007558	0.085532	0.120533	14859.891602
4765.008420	0.085642	0.120533	14933.714844
4766.035502	1.192178	0.119671	619.932434
4766.036431	1.622303	0.119671	2127.052490
4766.037306	1.605905	0.119671	3532.218994
4766.038287	1.561296	0.119671	5063.850586
4766.039310	1.513334	0.119671	6611.991211
4766.040199	1.472860	0.119671	7921.363770
4766.041063	1.435177	0.119671	9161.356445
4766.042107	1.392389	0.119671	10615.010742
4766.043048	1.355768	0.119671	11890.788086
4766.043924	1.321886	0.119671	13048.759766
4766.044871	1.049561	0.119671	14042.693359
4766.045917	0.117352	0.119671	14165.444336
4766.046810	0.085470	0.119671	14241.768555
4766.047670	0.085594	0.119671	14315.379883
4766.048712	0.085620	0.119671	14404.595703
4766.049664	0.085591	0.119671	14486.078125
4766.050538	0.085646	0.119671	14560.932617
4766.051458	0.085675	0.119671	14639.753906
4766.052505	0.085646	0.119671	14729.424805
4766.053389	0.085638	0.119671	14805.128906
4766.054244	0.085591	0.119671	14878.308594
4767.065622	1.172413	0.122136	595.585937
4767.066517	1.620549	0.122136	2045.977539
4767.067380	1.606805	0.122136	3432.650635
4767.068469	1.558202	0.122136	5129.532227
4767.069434	1.513228	0.122136	6589.796875
4767.070301	1.473995	0.122136	7867.750977
4767.071329	1.431053	0.122136	9338.874023
4767.072378	1.388331	0.122136	10795.233398
4767.073250	1.353007	0.122136	11975.054687
4767.074145	1.317089	0.122136	13153.848633
4767.075250	0.798501	0.122136	14036.192383
4767.076210	0.094263	0.122136	14126.684570
4767.077077	0.085616	0.122136	14200.914062
4767.078093	0.085679	0.122136	14287.963867
4767.079136	0.085598	0.122136	14377.243164
4767.080025	0.085642	0.122136	14453.378906
4767.080958	0.085693	0.122136	14533.331055
4767.082011	0.085653	0.122136	14623.523437
4767.082957	0.085594	0.122136	14704.496094
4767.083825	0.085616	0.122136	14778.811523
4767.084867	0.085701	0.122136	14868.111328
4768.109497	1.092737	0.119493	465.505890
4768.110477	1.617371	0.119493	2050.529053
4768.111402	1.605798	0.119493	3535.892578
4768.112298	1.564025	0.119493	4937.258789
4768.113215	1.521823	0.119493	6332.770020
4768.114165	1.478815	0.119493	7737.644043
4768.115090	1.438876	0.119493	9068.604492
4768.115971	1.402354	0.119493	10304.078125
4768.116942	1.363158	0.119493	11627.704102
4768.117895	1.326365	0.119493	12891.729492
4768.118830	1.225649	0.119493	14037.711914
4768.119697	0.235759	0.119493	14242.115234
4768.120674	0.085584	0.119493	14325.730469
4768.121623	0.085631	0.119493	14406.994141
4768.122492	0.085558	0.119493	14481.343750
4768.123380	0.085547	0.119493	14557.309570
4768.124333	0.085638	0.119493	14638.922852
4768.125280	0.085620	0.119493	14720.004883
4768.126166	0.085587	0.119493	14795.834961
4768.127074	0.085569	0.119493	14873.531250
4768.128030	0.085642	0.119493	14955.405273
4769.140715	1.122334	0.126269	519.640625
4769.141603	1.616763	0.126269	1955.325806
4769.142536	1.608237	0.126269	3455.811035
4769.143495	1.564226	0.126269	4955.903809
4769.144407	1.520768	0.126269	6342.843750
4769.145290	1.480565	0.126269	7650.182617
4769.146214	1.440414	0.126269	8981.125000
4769.147166	1.400885	0.126269	10314.767578
4769.148098	1.364535	0.126269	11586.513672
4769.148961	1.330408	0.126269	12734.655273
4769.149934	1.247428	0.126269	13948.402344
4769.150896	0.240831	0.126269	14180.082031
4769.151790	0.085587	0.126269	14256.596680
4769.152711	0.085591	0.126269	14335.425781
4769.153654	0.085584	0.126269	14416.130859
4769.154573	0.085584	0.126269	14494.782227
4769.155444	0.085594	0.126269	14569.334961
4769.156356	0.085653	0.126269	14647.450195
4769.157310	0.085598	0.126269	14729.110352
4769.158223	0.085605	0.126269	14807.268555
4769.159098	0.085532	0.126269	14882.109375
4770.184633	1.109689	0.121016	470.508026
4770.185704	1.622402	0.121016	2208.100830
4770.186581	1.603447	0.121016	3614.324219
4770.187493	1.561150	0.121016	5038.092773
4770.188375	1.518633	0.121016	6377.526855
4770.189374	1.474830	0.121016	7850.882324
4770.190296	1.435719	0.121016	9174.615234
4770.191179	1.399112	0.121016	10410.031250
4770.192207	1.358947	0.121016	11807.028320
4770.193107	1.323684	0.121016	12998.343750
4770.194020	1.184022	0.121016	14079.355469
4770.194890	0.201544	0.121016	14254.699219
4770.195891	0.085441	0.121016	14340.225586
4770.196808	0.085668	0.121016	14418.783203
4770.197668	0.085587	0.121016	14492.387695
4770.198717	0.085613	0.121016	14582.195312
4770.199596	0.085536	0.121016	14657.381836
4770.200510	0.085521	0.121016	14735.547852
4770.201381	0.085660	0.121016	14810.158203
4770.202393	0.085536	0.121016	14896.720703
4770.203342	0.085554	0.121016	14977.912109
4771.215363	1.156084	0.119900	571.105469
4771.216247	1.618579	0.119900	2001.929321
4771.217111	1.609673	0.119900	3392.686768
4771.218163	1.561175	0.119900	5035.043457
4771.219131	1.516315	0.119900	6502.835937
4771.220013	1.476178	0.119900	7804.824707
4771.220938	1.436360	0.119900	9133.458008
4771.222012	1.393191	0.119900	10629.745117
4771.222897	1.357786	0.119900	11831.385742
4771.223760	1.323864	0.119900	12973.879883
4771.224797	1.021622	0.119900	14033.302734
4771.225760	0.123472	0.119900	14152.206055
4771.226636	0.085554	0.119900	14227.151367
4771.227526	0.085496	0.119900	14303.242187
4771.228622	0.085638	0.119900	14397.101562
4771.229519	0.085543	0.119900	14473.833984
4771.230384	0.085540	0.119900	14547.826172
4771.231422	0.085554	0.119900	14636.631836
4771.232397	0.085558	0.119900	14720.050781
4771.233278	0.085584	0.119900	14795.450195
4771.234147	0.085598	0.119900	14869.834961
4772.258333	1.170304	0.110675	589.833191
4772.259239	1.620853	0.110675	2058.326172
4772.260105	1.606626	0.110675	3449.664062
4772.261196	1.557217	0.110675	5148.587402
4772.262202	1.510485	0.110675	6668.134766
4772.263089	1.470937	0.110675	7972.856445
4772.264085	1.428710	0.110675	9395.851562
4772.265137	1.386042	0.110675	10853.968750
4772.266040	1.350253	0.110675	12073.247070
4772.266905	1.315126	0.110675	13210.831055
4772.268017	0.759309	0.110675	14055.182617
4772.268970	0.092054	0.110675	14142.910156
4772.269826	0.085543	0.110675	14216.134766
4772.270897	0.085642	0.110675	14307.857422
4772.271935	0.085638	0.110675	14396.750000
4772.272821	0.085594	0.110675	14472.586914
4772.273746	0.085605	0.110675	14551.771484
4772.274811	0.085594	0.110675	14642.929687
4772.275743	0.085598	0.110675	14722.707031
4772.276611	0.085547	0.110675	14796.961914
4772.277655	0.085635	0.110675	14886.364258
4773.289450	1.116189	0.119050	527.957397
4773.290405	1.619594	0.119050	2074.669189
4773.291338	1.604887	0.119050	3572.028320
4773.292203	1.564307	0.119050	4925.153320
4773.293148	1.520211	0.119050	6361.752930
4773.294083	1.477357	0.119050	7743.082031
4773.295014	1.438282	0.119050	9082.123047
4773.295877	1.401526	0.119050	10291.639648
4773.296834	1.364150	0.119050	11597.131836
4773.297790	1.327104	0.119050	12865.843750
4773.298687	1.253558	0.119050	13990.285156
4773.299611	0.259830	0.119050	14230.368164
4773.300550	0.085543	0.119050	14310.693359
4773.301477	0.085602	0.119050	14390.045898
4773.302351	0.085627	0.119050	14464.884766
4773.303346	0.085543	0.119050	14550.000000
4773.304283	0.085496	0.119050	14630.109375
4773.305213	0.085562	0.119050	14709.681641
4773.306076	0.085562	0.119050	14783.521484
4773.307054	0.085616	0.119050	14867.253906
4773.307979	0.085591	0.119050	14946.425781
4774.333414	1.128688	0.122184	519.196350
4774.334291	1.616422	0.122184	1936.798584
4774.335211	1.609658	0.122184	3417.684082
4774.336136	1.565621	0.122184	4865.883789
4774.337090	1.521702	0.122184	6317.586914
4774.337963	1.481689	0.122184	7611.101562
4774.338878	1.441992	0.122184	8930.524414
4774.339833	1.402551	0.122184	10269.960937
4774.340760	1.365978	0.122184	11536.222656
4774.341640	1.331272	0.122184	12707.742187
4774.342613	1.270441	0.122184	13943.880859
4774.343546	0.259614	0.122184	14186.100586
4774.344463	0.085584	0.122184	14264.581055
4774.345321	0.085529	0.122184	14337.964844
4774.346286	0.085536	0.122184	14420.506836
4774.347234	0.085558	0.122184	14501.615234
4774.348103	0.085620	0.122184	14576.019531
4774.349011	0.085573	0.122184	14653.719727
4774.349965	0.085521	0.122184	14735.306641
4774.350884	0.085573	0.122184	14813.948242
4774.351759	0.085576	0.122184	14888.827148
4775.364027	1.082377	0.120662	456.762970
4775.364998	1.614349	0.120662	2024.296143
4775.365904	1.606798	0.120662	3480.055176
4775.366820	1.564446	0.120662	4913.087402
4775.367706	1.522910	0.120662	6262.385742
4775.368681	1.478701	0.120662	7704.119141
4775.369620	1.438114	0.120662	9054.507812
4775.370551	1.400138	0.120662	10358.036133
4775.371420	1.364872	0.120662	11544.109375
4775.372391	1.327910	0.120662	12833.509766
4775.373337	1.234819	0.120662	14001.648437
4775.374234	0.243589	0.120662	14220.147461
4775.375161	0.085726	0.120662	14299.616211
4775.376085	0.085584	0.120662	14378.695312
4775.376984	0.085547	0.120662	14455.601562
4775.377846	0.085529	0.120662	14529.327148
4775.378871	0.085507	0.120662	14616.971680
4775.379795	0.085631	0.120662	14696.094727
4775.380679	0.085638	0.120662	14771.798828
4775.381584	0.085565	0.120662	14849.235352
4775.382518	0.085547	0.120662	14929.135742
4776.409024	1.086335	0.121802	462.778900
4776.409892	1.612771	0.121802	1862.664185
4776.410757	1.612753	0.121802	3257.695312
4776.411752	1.566921	0.121802	4816.782227
4776.412680	1.523950	0.121802	6231.007812
4776.413563	1.483883	0.121802	7541.276367
4776.414568	1.441864	0.121802	8990.349609
4776.415504	1.401863	0.121802	10302.493164
4776.416412	1.365868	0.121802	11542.701172
4776.417283	1.331605	0.121802	12702.529297
4776.418246	1.264969	0.121802	13920.695312
4776.419174	0.281019	0.121802	14181.481445
4776.420059	0.085807	0.121802	14257.420898
4776.420985	0.085587	0.121802	14336.674805
4776.421955	0.085587	0.121802	14419.694336
4776.422875	0.085627	0.121802	14498.471680
4776.423752	0.085499	0.121802	14573.454102
4776.424631	0.085518	0.121802	14648.624023
4776.425602	0.085510	0.121802	14731.654297
4776.426544	0.085547	0.121802	14812.239258
4776.427415	0.085620	0.121802	14886.814453
4777.438666	1.102438	0.121093	483.970154
4777.439536	1.614082	0.121093	1888.221680
4777.440526	1.607710	0.121093	3479.854492
4777.441548	1.560249	0.121093	5074.428711
4777.442434	1.518900	0.121093	6420.174316
4777.443298	1.478412	0.121093	7697.521973
4777.444347	1.434086	0.121093	9201.877930
4777.445283	1.395718	0.121093	10508.269531
4777.446161	1.361122	0.121093	11703.333984
4777.447131	1.324193	0.121093	12987.800781
4777.448160	1.052336	0.121093	14070.655273
4777.449063	0.136732	0.121093	14194.124023
4777.449928	0.085503	0.121093	14268.083984
4777.450991	0.085690	0.121093	14359.171875
4777.451935	0.085543	0.121093	14439.924805
4777.452811	0.085602	0.121093	14514.912109
4777.453748	0.085715	0.121093	14595.227539
4777.454772	0.085602	0.121093	14682.883789
4777.455654	0.085554	0.121093	14758.342773
4777.456525	0.085584	0.121093	14832.885742
4777.457456	0.085576	0.121093	14912.557617
4778.483220	1.140084	0.113797	588.283508
4778.484284	1.623281	0.113797	2315.454834
4778.485205	1.598057	0.113797	3787.265137
4778.486080	1.556228	0.113797	5148.964844
4778.487150	1.507262	0.113797	6761.735352
4778.488160	1.462332	0.113797	8238.690430
4778.489049	1.424938	0.113797	9505.459961
4778.490019	1.385830	0.113797	10849.714844
4778.491073	1.344683	0.113797	12267.009766
4778.491993	1.308853	0.113797	13471.154297
4778.492865	0.773430	0.113797	14145.584961
4778.493951	0.090139	0.113797	14243.476562
4778.494930	0.085551	0.113797	14327.230469
4778.495809	0.085587	0.113797	14402.461914
4778.496806	0.085712	0.113797	14487.916016
4778.497858	0.085613	0.113797	14577.980469
4778.498735	0.085602	0.113797	14653.053711
4778.499591	0.085627	0.113797	14726.350586
4778.500701	0.085671	0.113797	14821.446289
4778.501661	0.085613	0.113797	14903.634766
4778.502516	0.085587	0.113797	14976.811523
4779.513819	1.104470	0.125927	494.802612
4779.514723	1.616477	0.125927	1956.097778
4779.515602	1.609153	0.125927	3370.542969
4779.516566	1.565457	0.125927	4879.643066
4779.517505	1.521314	0.125927	6308.156250
4779.518398	1.480697	0.125927	7630.418457
4779.519312	1.441447	0.125927	8947.900391
4779.520261	1.402379	0.125927	10278.757812
4779.521192	1.365513	0.125927	11550.049805
4779.522077	1.330543	0.125927	12727.580078
4779.523052	1.267401	0.125927	13963.295898
4779.523976	0.248009	0.125927	14192.456055
4779.524852	0.085748	0.125927	14267.571289
4779.525896	0.085510	0.125927	14356.843750
4779.526823	0.085602	0.125927	14436.196289
4779.527748	0.085620	0.125927	14515.394531
4779.528603	0.085536	0.125927	14588.527344
4779.529552	0.085668	0.125927	14669.826172
4779.530502	0.085642	0.125927	14751.186523
4779.531391	0.085587	0.125927	14827.273437
4779.532297	0.085627	0.125927	14904.851562
4780.557759	1.085482	0.114257	460.244476
4780.558707	1.615096	0.114257	1991.355957
4780.559622	1.607205	0.114257	3461.948242
4780.560540	1.564563	0.114257	4898.216797
4780.561422	1.523119	0.114257	6241.607422
4780.562389	1.479836	0.114257	7672.609375
4780.563350	1.438802	0.114257	9055.298828
4780.564250	1.401178	0.114257	10316.359375
4780.565168	1.365806	0.114257	11570.168945
4780.566101	1.328009	0.114257	12809.201172
4780.567051	1.243660	0.114257	13990.677734
4780.567948	0.250012	0.114257	14214.938477
4780.568878	0.085657	0.114257	14294.599609
4780.569825	0.085587	0.114257	14375.650391
4780.570745	0.085470	0.114257	14454.283203
4780.571604	0.085503	0.114257	14527.730469
4780.572544	0.085587	0.114257	14608.182617
4780.573465	0.085598	0.114257	14687.018555
4780.574382	0.085540	0.114257	14765.458008
4780.575243	0.085521	0.114257	14839.091797
4780.576199	0.085532	0.114257	14920.860352
4781.587923	1.098593	0.122821	491.070862
4781.588876	1.618169	0.122821	2033.185791
4781.589801	1.606000	0.122821	3518.735596
4781.590673	1.565068	0.122821	4883.475098
4781.591599	1.521537	0.122821	6292.417969
4781.592560	1.478247	0.122821	7713.013672
4781.593483	1.438850	0.122821	9041.072266
4781.594365	1.401892	0.122821	10277.541016
4781.595343	1.364183	0.122821	11611.711914
4781.596293	1.327170	0.122821	12872.523437
4781.597187	1.254316	0.122821	13993.881836
4781.598080	0.267828	0.122821	14233.052734
4781.599016	0.085657	0.122821	14313.227539
4781.599962	0.085521	0.122821	14394.130859
4781.600836	0.085620	0.122821	14468.962891
4781.601743	0.085594	0.122821	14546.596680
4781.602691	0.085605	0.122821	14627.750977
4781.603613	0.085569	0.122821	14706.645508
4781.604492	0.085602	0.122821	14781.889648
4781.605440	0.085532	0.122821	14862.974609
4781.606370	0.085620	0.122821	14942.601562
4782.633410	1.096121	0.129613	469.139618
4782.634331	1.613361	0.129613	1955.044678
4782.635307	1.606337	0.129613	3522.829102
4782.636238	1.562922	0.129613	4977.909668
4782.637103	1.522222	0.129613	6294.631348
4782.638063	1.478394	0.129613	7713.889160
4782.639012	1.437711	0.129613	9078.277344
4782.639938	1.400006	0.129613	10374.683594
4782.640802	1.364678	0.129613	11553.765625
4782.641758	1.327808	0.129613	12823.149414
4782.642713	1.223478	0.129613	13991.570312
4782.643608	0.233928	0.129613	14200.936523
4782.644518	0.085649	0.129613	14278.877930
4782.645458	0.085551	0.129613	14359.295898
4782.646387	0.085543	0.129613	14438.765625
4782.647277	0.085536	0.129613	14514.892578
4782.648207	0.085584	0.129613	14594.485352
4782.649151	0.085609	0.129613	14675.300781
4782.650075	0.085646	0.129613	14754.437500
4782.650934	0.085584	0.129613	14827.954102
4782.651880	0.085584	0.129613	14908.916016
4783.662529	1.090118	0.127776	465.480560
4783.663391	1.612207	0.127776	1855.203125
4783.664377	1.607424	0.127776	3440.123535
4783.665308	1.564303	0.127776	4896.489746
4783.666230	1.521896	0.127776	6299.677734
4783.667100	1.481082	0.127776	7588.218750
4783.668097	1.439747	0.127776	9023.646484
4783.669027	1.401310	0.127776	10326.864258
4783.669908	1.365864	0.127776	11530.190430
4783.670827	1.330430	0.127776	12752.855469
4783.671767	1.264439	0.127776	13941.427734
4783.672708	0.258582	0.127776	14184.752930
4783.673583	0.085704	0.127776	14259.744141
4783.674558	0.085587	0.127776	14343.191406
4783.675515	0.085664	0.127776	14425.171875
4783.676436	0.085627	0.127776	14504.035156
4783.677297	0.085532	0.127776	14577.678711
4783.678265	0.085635	0.127776	14660.573242
4783.679186	0.085624	0.127776	14739.432617
4783.680048	0.085627	0.127776	14813.243164
4783.681043	0.085551	0.127776	14898.366211
4784.708572	1.142787	0.127586	524.539185
4784.709463	1.616884	0.127586	1965.182373
4784.710462	1.605359	0.127586	3568.936035
4784.711388	1.560883	0.127586	5014.313477
4784.712314	1.518666	0.127586	6420.598145
4784.713182	1.478090	0.127586	7703.580078
4784.714218	1.434994	0.127586	9190.233398
4784.715106	1.398274	0.127586	10431.900391
4784.715980	1.363389	0.127586	11623.501953
4784.716958	1.325695	0.127586	12920.031250
4784.717897	1.182158	0.127586	14030.078125
4784.718811	0.195527	0.127586	14208.790039
4784.719688	0.085419	0.127586	14283.702148
4784.720711	0.085540	0.127586	14371.208984
4784.721605	0.085543	0.127586	14447.684570
4784.722475	0.085485	0.127586	14522.056641
4784.723404	0.085594	0.127586	14601.574219
4784.724390	0.085594	0.127586	14685.970703
4784.725305	0.085492	0.127586	14764.196289
4784.726173	0.085499	0.127586	14838.409180
4784.727231	0.085657	0.127586	14929.034180
4785.737671	1.094139	0.128340	474.856476
4785.738545	1.613917	0.128340	1885.420166
4785.739473	1.609450	0.128340	3378.989258
4785.740525	1.561853	0.128340	5022.058594
4785.741418	1.519764	0.128340	6379.208008
4785.742296	1.479672	0.128340	7678.359375
4785.743206	1.439952	0.128340	8988.715820
4785.744233	1.398164	0.128340	10424.629883
4785.745128	1.362653	0.128340	11644.204102
4785.745996	1.328818	0.128340	12797.618164
4785.747002	1.191676	0.128340	13996.444336
4785.747914	0.202302	0.128340	14180.944336
4785.748837	0.085543	0.128340	14259.900391
4785.749699	0.085598	0.128340	14333.685547
4785.750721	0.085602	0.128340	14421.170898
4785.751608	0.085605	0.128340	14497.102539
4785.752479	0.085554	0.128340	14571.620117
4785.753458	0.085682	0.128340	14655.502930
4785.754425	0.085576	0.128340	14738.254883
4785.755346	0.085664	0.128340	14817.151367
4785.756214	0.085598	0.128340	14891.450195
