time (s)	theta (A)	maj axis/z0	min axis/z0	crossing#mod 255
2247.331214	92.786346	0.459320	-0.008899	139
2249.407792	92.771606	0.458599	-0.008538	141
2251.474865	92.696510	0.465460	-0.008751	143
2253.553070	92.470390	0.473025	-0.008371	145
2255.627112	92.936310	0.480217	-0.007481	147
2257.705158	92.945221	0.488073	-0.007456	149
2259.781932	93.068237	0.494886	-0.006582	151
2261.856601	92.968674	0.502433	-0.007116	153
2263.934505	93.099014	0.510170	-0.005586	155
2266.011561	93.120369	0.518002	-0.005578	157
2268.089506	93.210533	0.526227	-0.004604	159
2270.165954	93.265671	0.534530	-0.004454	161
2272.243345	93.299866	0.543663	-0.003955	163
2274.321462	93.384064	0.552808	-0.003184	165
2276.396148	93.363106	0.562377	-0.003129	167
2278.471175	93.454811	0.571982	-0.003262	169
2280.548612	93.492630	0.581885	-0.001900	171
2282.624125	93.496765	0.591860	-0.001204	173
2284.700000	93.537842	0.601572	-0.000787	175
2286.774548	93.516365	0.611569	0.000103	177
2288.850941	93.502251	0.621516	0.000354	179
2290.926305	93.474815	0.632144	0.000705	181
2293.002509	93.464554	0.642542	0.001004	183
2295.076190	93.446411	0.653238	0.001721	185
2297.151982	93.422058	0.663735	0.001796	187
2299.227548	93.411728	0.674756	0.002681	189
2301.302412	93.369339	0.685860	0.002849	191
2303.377832	93.368492	0.697570	0.003328	193
2305.452859	93.344185	0.708701	0.003648	195
2307.528347	93.322754	0.721659	0.004111	197
2309.603936	93.342186	0.731855	0.004510	199
2311.678923	93.255867	0.746669	0.005512	201
2313.755126	93.212044	0.759803	0.005963	203
2315.830839	93.164856	0.772500	0.006816	205
2317.906369	93.130783	0.785920	0.007394	207
2319.982563	93.041115	0.799419	0.007835	209
2322.058617	92.955299	0.813881	0.008311	211
2324.134537	92.890869	0.828133	0.008621	213
2326.210343	92.832527	0.842419	0.009131	215
2328.286058	92.739983	0.856593	0.009531	217
2330.362670	92.656029	0.870890	0.009790	219
2332.438532	92.633446	0.885622	0.011169	221
2334.514003	92.504242	0.901171	0.010769	223
2336.590317	92.430634	0.917291	0.011193	225
2338.666867	92.357788	0.933418	0.011826	227
2340.743406	92.292114	0.948738	0.011952	229
2342.819928	92.192879	0.965089	0.012679	231
2344.896450	92.109589	0.982131	0.013169	233
2346.973024	92.043167	0.999648	0.013572	235
2349.049728	91.924873	1.017525	0.014244	237
2351.126441	91.849884	1.035508	0.015108	239
2353.202765	91.724892	1.047440	0.015849	241
2355.277092	91.674065	1.048929	0.016893	243
2357.352776	91.700462	1.048441	0.017672	245
2359.427308	91.688591	1.047243	0.018849	247
2361.502919	91.675644	1.046305	0.019455	249
2363.577037	91.668312	1.045154	0.020443	251
2365.653010	91.690857	1.043082	0.021126	253
2367.726936	91.685555	1.042359	0.022205	255
2369.802356	91.686752	1.041207	0.023133	1
2371.876275	91.724426	1.040548	0.023836	3
2373.951469	91.776138	1.037906	0.024795	5
2376.025634	91.790527	1.034964	0.025418	7
2378.100289	91.783150	1.032883	0.026552	9
2380.174879	91.822754	1.031719	0.027267	11
2382.249543	91.858246	1.029723	0.028166	13
2384.324530	91.875000	1.028253	0.028974	15
2386.398631	91.871742	1.026222	0.029723	17
2388.473819	91.883362	1.024463	0.030593	19
2390.548788	91.881180	1.022979	0.031502	21
2392.623845	91.878662	1.021173	0.032347	23
2394.698463	91.884628	1.020446	0.033264	25
2396.773835	91.885193	1.018742	0.034198	27
2398.849002	91.899162	1.017686	0.035093	29
2400.924032	91.890205	1.015776	0.035918	31
2402.998815	91.891159	1.014377	0.036675	33
2405.073815	91.871002	1.012478	0.037661	35
2407.148804	91.869705	1.011363	0.038437	37
2409.223794	91.880539	1.009298	0.039472	39
2411.299051	91.877357	1.008949	0.040081	41
2413.374471	91.869858	1.007652	0.041038	43
2415.449679	91.862442	1.006414	0.041733	45
2417.524915	91.877968	1.004982	0.042523	47
2419.600438	91.860283	1.003761	0.043271	49
2421.676105	91.827873	1.002150	0.044179	51
2423.751252	91.809860	1.001517	0.044965	53
2425.826888	91.814224	0.998942	0.045625	55
2427.901970	91.790466	0.997762	0.046272	57
2429.977515	91.785858	0.996653	0.047295	59
2432.052565	91.779602	0.994918	0.047817	61
2434.127601	91.789902	0.993603	0.048539	63
2436.202464	91.792068	0.991951	0.049127	65
2438.277739	91.785133	0.990287	0.049781	67
2440.352218	91.812164	0.988958	0.050703	69
2442.426994	91.845329	0.988069	0.051346	71
2444.501617	91.897499	0.986590	0.052038	73
2446.576258	91.916008	0.984707	0.052498	75
2448.650843	91.984703	0.983461	0.053300	77
2450.725299	92.026619	0.981863	0.053802	79
2452.800082	92.061241	0.981078	0.054694	81
2454.874463	92.112808	0.978899	0.055298	83
2456.949223	92.156029	0.977993	0.056184	85
2459.023749	92.174889	0.976604	0.056686	87
2461.098684	92.208847	0.975049	0.057332	89
2463.173829	92.231941	0.973724	0.057903	91
2465.248341	92.228706	0.972310	0.058598	93
2467.323318	92.304642	0.971242	0.059645	95
2469.398216	92.296089	0.968923	0.060285	97
2471.473101	92.309601	0.967494	0.061194	99
2473.547977	92.319382	0.966047	0.061757	101
2475.623159	92.292061	0.964249	0.062422	103
2477.698217	92.307327	0.962983	0.063123	105
2479.773099	92.351959	0.962222	0.063858	107
2481.847601	92.317947	0.960260	0.064428	109
2483.923104	92.323387	0.959356	0.065271	111
2485.998107	92.351974	0.957671	0.065881	113
2488.073303	92.318626	0.955635	0.066328	115
2490.148766	92.305939	0.954403	0.067017	117
2492.224146	92.303253	0.952931	0.067707	119
2494.299526	92.291466	0.952291	0.068340	121
2496.374536	92.294342	0.949967	0.069088	123
2498.449812	92.289879	0.948219	0.069495	125
2500.525446	92.272171	0.947032	0.070440	127
2502.600211	92.307144	0.946283	0.071259	129
2504.675633	92.286842	0.945153	0.071929	131
2506.750337	92.280785	0.943389	0.072357	133
2508.825867	92.286278	0.942072	0.072833	135
2510.900014	92.288048	0.941253	0.073755	137
2512.975455	92.355804	0.940071	0.074091	139
2515.050126	92.368866	0.939372	0.074885	141
2517.125105	92.426758	0.938354	0.075407	143
2519.199818	92.469261	0.937071	0.076024	145
2521.274421	92.525017	0.934513	0.076244	147
2523.348938	92.571487	0.933355	0.076879	149
2525.423474	92.644493	0.931923	0.077543	151
2527.498247	92.703011	0.931477	0.078168	153
2529.572532	92.745712	0.929983	0.078814	155
2531.647109	92.803375	0.928785	0.079319	157
2533.721641	92.850853	0.927991	0.080079	159
2535.796290	92.862793	0.926663	0.080482	161
2537.871106	92.904427	0.924839	0.080961	163
2539.945792	92.929634	0.923686	0.081722	165
2542.020723	92.967674	0.922602	0.082249	167
2544.095579	92.965408	0.921587	0.082845	169
2546.170556	93.023582	0.919945	0.083664	171
2548.245512	93.050415	0.918065	0.084030	173
2550.320517	93.034065	0.916581	0.084448	175
2552.395468	93.067368	0.915196	0.084833	177
2554.470599	93.057365	0.913751	0.085431	179
2556.545122	93.111099	0.913011	0.086027	181
2558.620510	93.116447	0.912016	0.086712	183
2560.695660	93.089508	0.911464	0.087266	185
2562.771046	93.090630	0.909721	0.087650	187
2564.845763	93.110863	0.908634	0.088291	189
2566.921022	93.109810	0.907296	0.088895	191
2568.996422	93.076157	0.905085	0.089180	193
2571.071369	93.066406	0.903852	0.089809	195
2573.146418	93.102600	0.902753	0.090375	197
2575.221462	93.107536	0.901369	0.090948	199
2577.297399	93.093002	0.899455	0.091217	201
2579.372402	93.109146	0.898679	0.092059	203
2581.447446	93.126129	0.897162	0.092558	205
2583.522332	93.120552	0.895930	0.092945	207
2585.597519	93.134811	0.895311	0.093554	209
2587.672386	93.212196	0.894328	0.094056	211
2589.746540	93.229660	0.893078	0.094555	213
2591.821557	93.261398	0.892107	0.094842	215
2593.896223	93.316528	0.891840	0.095808	217
2595.970672	93.421394	0.889604	0.096197	219
2598.045093	93.484741	0.888111	0.096626	221
2600.120023	93.542320	0.886903	0.097125	223
