crossing time (s)	slope (V/s)	crossing number
5046.108162	4.390581	3716
5047.136804	4.226083	3717
5048.176507	4.734140	3718
5049.207494	4.655285	3719
5050.255962	3.740732	3720
5051.285314	4.513617	3721
5052.330299	4.425285	3722
5053.356991	5.287776	3723
5054.406033	3.443106	3724
5055.434574	4.952460	3725
5056.478363	4.281486	3726
5057.507392	5.525244	3727
5058.550348	3.890061	3728
5059.582945	4.529999	3729
5060.628766	4.659938	3730
5061.655977	5.370997	3731
5062.701209	3.946238	3732
5063.730783	4.734261	3733
5064.779036	4.224829	3734
5065.806110	5.535967	3735
5066.847416	4.081073	3736
5067.878870	4.578202	3737
5068.926667	4.437199	3738
5069.954477	5.341686	3739
5070.998467	4.435880	3740
5072.025201	4.919585	3741
5073.078332	4.194371	3742
5074.104879	5.679638	3743
5075.144543	4.604330	3744
5076.174447	4.978418	3745
5077.225556	4.216356	3746
5078.253066	5.353653	3747
5079.296052	4.903667	3748
5080.323668	5.420770	3749
5081.373603	3.909648	3750
5082.402426	5.533085	3751
5083.443959	4.926911	3752
5084.472740	5.476844	3753
5085.520037	4.147215	3754
5086.551336	5.275646	3755
5087.596028	4.972214	3756
5088.624216	5.864963	3757
5089.667982	4.140640	3758
5090.700899	5.339122	3759
5091.744861	5.010006	3760
5092.773161	6.025936	3761
5093.816535	4.858740	3762
5094.847950	5.326416	3763
5095.895261	5.065482	3764
5096.924031	6.065254	3765
5097.965958	5.001505	3766
5098.997019	5.460865	3767
5100.043108	4.890158	3768
5101.072776	5.923871	3769
5102.114865	5.341909	3770
5103.145107	5.700281	3771
5104.190159	4.814848	3772
5105.222331	5.806858	3773
5106.264439	5.398692	3774
5107.295106	6.049296	3775
5108.337954	5.013471	3776
5109.371812	5.686159	3777
5110.414534	5.749690	3778
5111.443909	6.278324	3779
5112.488022	5.295365	3780
5113.520585	5.778979	3781
5114.563551	5.508325	3782
5115.595386	6.366400	3783
5116.636142	5.521389	3784
5117.670128	5.683782	3785
5118.712627	5.552243	3786
5119.744578	6.342850	3787
5120.784375	5.779707	3788
5121.818070	5.892437	3789
5122.861984	5.499131	3790
5123.894203	6.384053	3791
5124.934517	5.856790	3792
5125.967769	6.030832	3793
5127.010393	5.539277	3794
5128.043244	6.302157	3795
5129.083413	6.138509	3796
5130.116261	6.193727	3797
5131.160781	5.665048	3798
5132.192218	6.471855	3799
5133.235984	5.880755	3800
5134.265102	6.825985	3801
5135.309566	5.598267	3802
5136.341009	6.525374	3803
5137.383411	6.332874	3804
5138.414641	6.634395	3805
5139.459423	6.076880	3806
5140.490167	6.659515	3807
5141.533588	6.254614	3808
5142.564990	6.982899	3809
5143.607824	6.041066	3810
5144.641296	6.737179	3811
5145.682987	6.521572	3812
5146.713623	6.859090	3813
5147.755905	6.155250	3814
5148.789171	6.782235	3815
5149.834172	6.584196	3816
5150.864375	7.378632	3817
5151.906068	6.144164	3818
5152.940279	6.954185	3819
5153.981619	6.367290	3820
5155.012983	7.263758	3821
5156.059512	6.576010	3822
5157.090116	6.502309	3823
5158.134474	6.921012	3824
5159.164904	6.916446	3825
5160.207330	6.539362	3826
5161.240437	6.568116	3827
5162.282887	6.784830	3828
5163.314949	6.736047	3829
5164.356327	6.696309	3830
5165.387452	6.564441	3831
5166.433486	6.767521	3832
5167.464562	6.827107	3833
5168.506094	6.717550	3834
5169.538437	6.504613	3835
5170.582569	6.716083	3836
5171.614330	6.679152	3837
5172.655708	6.881771	3838
5173.687852	6.554986	3839
5174.732447	6.653126	3840
5175.765327	6.685104	3841
5176.804973	6.770121	3842
5177.837594	6.520704	3843
5178.880948	6.377380	3844
5179.914297	6.390183	3845
5180.954805	6.773305	3846
5181.986495	6.516579	3847
5183.030594	6.432532	3848
5184.063423	6.423729	3849
5185.104165	6.676754	3850
5186.136955	6.507205	3851
5187.178524	6.444350	3852
5188.213672	6.278747	3853
5189.254366	6.669697	3854
5190.286719	6.464015	3855
5191.327068	6.478645	3856
5192.362647	6.310063	3857
5193.402407	6.518564	3858
5194.436898	6.488021	3859
5195.477295	6.502184	3860
5196.511499	6.318270	3861
5197.552838	6.435129	3862
5198.586208	6.532839	3863
5199.626154	6.532943	3864
5200.662434	6.352569	3865
5201.702653	6.474004	3866
5202.736215	6.448985	3867
5203.776568	6.533987	3868
5204.810440	6.290910	3869
5205.852373	6.421395	3870
5206.885702	6.491922	3871
5207.926532	6.475282	3872
5208.960412	6.276324	3873
5210.002351	6.374701	3874
5211.035343	6.310135	3875
5212.076296	6.483419	3876
5213.109053	6.254326	3877
5214.153038	6.187398	3878
5215.184559	6.336421	3879
5216.225945	6.374403	3880
5217.258441	6.132963	3881
5218.303452	6.310730	3882
5219.333792	6.198470	3883
5220.376154	6.428087	3884
5221.407287	6.072335	3885
5222.452162	6.249287	3886
5223.482641	6.099726	3887
5224.525850	6.220646	3888
5225.556643	6.183831	3889
5226.600870	6.173201	3890
5227.632078	6.123857	3891
5228.675866	6.339567	3892
5229.706900	6.192128	3893
5230.749937	6.138886	3894
5231.781966	6.094667	3895
5232.824555	6.262797	3896
5233.855422	6.051408	3897
5234.899240	6.226881	3898
5235.931254	6.080910	3899
5236.975017	6.350578	3900
5238.006575	6.159644	3901
5239.050056	6.095160	3902
5240.080670	6.036179	3903
5241.124547	6.194055	3904
5242.155493	6.008032	3905
5243.199606	6.133348	3906
5244.229728	5.931286	3907
5245.274617	6.117211	3908
5246.305183	5.985202	3909
5247.347514	6.010781	3910
5248.379500	5.905827	3911
5249.423214	6.121140	3912
5250.455455	5.967292	3913
5251.497828	6.074043	3914
5252.528844	5.914567	3915
5253.572568	5.938206	3916
5254.604126	5.965037	3917
5255.646255	6.082461	3918
5256.678259	5.972861	3919
5257.720795	6.110013	3920
5258.754860	6.007843	3921
5259.796468	6.089182	3922
5260.828991	6.005815	3923
5261.870674	6.116283	3924
5262.905022	5.938679	3925
5263.947264	6.095870	3926
5264.978417	5.855402	3927
5266.019513	6.079909	3928
5267.052706	5.869224	3929
5268.094977	5.981686	3930
5269.129758	6.024620	3931
5270.169272	5.881731	3932
5271.203456	5.720778	3933
5272.244584	6.111452	3934
5273.277973	5.781531	3935
