crossing time (s)	slope (V/s)	crossing number
5871.817882	3.946095	4512
5872.846673	3.838112	4513
5873.891679	3.838932	4514
5874.920830	4.123377	4515
5875.965944	3.610258	4516
5876.995537	4.062724	4517
5878.039595	3.650040	4518
5879.069925	4.068563	4519
5880.114842	3.683242	4520
5881.143901	3.987580	4521
5882.189405	3.654962	4522
5883.218816	4.081627	4523
5884.264095	3.647800	4524
5885.293189	4.077541	4525
5886.338428	3.743661	4526
5887.369225	4.083500	4527
5888.412161	3.766294	4528
5889.443573	4.008650	4529
5890.485836	3.685521	4530
5891.524781	4.042889	4531
5892.561168	4.054519	4532
5893.592825	4.141802	4533
5894.636668	3.818923	4534
5895.666746	4.199786	4535
5896.710730	3.657143	4536
5897.742376	4.203035	4537
5898.784616	3.672852	4538
5899.816272	4.040932	4539
5900.859016	3.906289	4540
5901.890180	4.186793	4541
5902.933086	3.754998	4542
5903.965241	4.291839	4543
5905.008432	3.846509	4544
5906.040501	4.297817	4545
5907.082912	3.874460	4546
5908.113858	4.142463	4547
5909.158565	3.970596	4548
5910.189201	4.331485	4549
5911.231665	3.883964	4550
5912.263962	4.380043	4551
5913.305688	3.900669	4552
5914.339514	4.402954	4553
5915.380434	4.080536	4554
5916.412089	4.342581	4555
5917.456735	4.034719	4556
5918.487144	4.439791	4557
5919.530044	3.949514	4558
5920.562524	4.410125	4559
5921.604358	3.989652	4560
5922.637637	4.328096	4561
5923.680550	4.082178	4562
5924.711573	4.344821	4563
5925.755149	4.079017	4564
5926.786913	4.479463	4565
5927.829363	4.132508	4566
5928.861233	4.498263	4567
5929.904697	4.075414	4568
5930.937522	4.440964	4569
5931.977511	4.101049	4570
5933.010174	4.435772	4571
5934.053388	4.025792	4572
5935.086962	4.407130	4573
5936.128419	4.125265	4574
5937.159986	4.373698	4575
5938.203294	4.049812	4576
5939.234802	4.282027	4577
5940.277909	4.065237	4578
5941.308796	4.514110	4579
5942.352189	4.040911	4580
5943.384240	4.481111	4581
5944.427069	4.093545	4582
5945.458488	4.483732	4583
5946.502021	4.159492	4584
5947.531757	4.413084	4585
5948.576370	4.090623	4586
5949.607610	4.570131	4587
5950.649994	4.143685	4588
5951.682152	4.462332	4589
5952.724268	4.254546	4590
5953.756578	4.594825	4591
5954.799323	4.278899	4592
5955.830307	4.564341	4593
5956.873786	4.185783	4594
5957.906248	4.678147	4595
5958.948025	4.304678	4596
5959.981082	4.585583	4597
5961.023343	4.265632	4598
5962.055988	4.582862	4599
5963.098542	4.339081	4600
5964.129968	4.658540	4601
5965.172833	4.161033	4602
5966.205632	4.631328	4603
5967.246794	4.338277	4604
5968.280158	4.651305	4605
5969.322464	4.380540	4606
5970.354035	4.666713	4607
5971.397127	4.422135	4608
5972.429345	4.832936	4609
5973.471974	4.294129	4610
5974.504440	4.715934	4611
5975.544921	4.463211	4612
5976.578703	4.627657	4613
5977.620411	4.447372	4614
5978.653443	4.711328	4615
5979.695834	4.400050	4616
5980.728314	4.735430	4617
5981.771181	4.388403	4618
5982.803708	4.653845	4619
5983.845611	4.488862	4620
5984.878344	4.385335	4621
5985.922054	4.550909	4622
5986.953128	4.560658	4623
5987.995523	4.555022	4624
5989.026850	4.368051	4625
5990.070774	4.509486	4626
5991.103025	4.378179	4627
5992.145832	4.642905	4628
5993.176036	4.442675	4629
5994.220841	4.531105	4630
5995.251461	4.459271	4631
5996.295816	4.590108	4632
5997.326389	4.466757	4633
5998.369211	4.466543	4634
5999.401604	4.400565	4635
6000.445239	4.551560	4636
6001.474489	4.437924	4637
6002.518488	4.376198	4638
6003.550292	4.398534	4639
6004.593411	4.411148	4640
6005.624735	4.405299	4641
6006.667294	4.437006	4642
6007.698188	4.298355	4643
6008.742738	4.402873	4644
6009.772804	4.469732	4645
6010.816805	4.299140	4646
6011.848243	4.356431	4647
6012.891968	4.391021	4648
6013.922811	4.358044	4649
6014.965514	4.412816	4650
6015.995927	4.405052	4651
6017.041182	4.456782	4652
6018.071846	4.435292	4653
6019.114985	4.378279	4654
6020.146356	4.483855	4655
6021.189343	4.448941	4656
6022.221878	4.272004	4657
6023.264936	4.499803	4658
6024.295099	4.358341	4659
6025.339334	4.354842	4660
6026.370670	4.387246	4661
6027.413735	4.292654	4662
6028.447609	4.378550	4663
6029.488746	4.227665	4664
6030.519915	4.281327	4665
6031.562807	4.372967	4666
6032.594118	4.437586	4667
6033.636852	4.388861	4668
6034.668477	4.280233	4669
6035.711305	4.415414	4670
6036.744176	4.306420	4671
6037.786546	4.316836	4672
6038.817585	4.252308	4673
6039.861414	4.265817	4674
6040.892394	4.376650	4675
6041.935929	4.263787	4676
6042.967511	4.321083	4677
6044.010298	4.315652	4678
6045.042783	4.243792	4679
6046.084800	4.305715	4680
6047.116226	4.267778	4681
6048.160013	4.205086	4682
6049.191719	4.246743	4683
6050.234263	4.304314	4684
6051.267167	4.290333	4685
6052.308746	4.194875	4686
6053.340890	4.106101	4687
6054.384405	4.361272	4688
6055.415375	4.133979	4689
6056.459023	4.228617	4690
6057.489562	4.124535	4691
6058.533788	4.160514	4692
6059.563984	4.116946	4693
6060.608048	4.209263	4694
6061.638775	4.099491	4695
6062.683070	4.120955	4696
6063.713178	4.096209	4697
6064.757568	4.047820	4698
6065.787446	4.150924	4699
6066.831686	4.027250	4700
6067.863013	4.029028	4701
6068.906406	4.089091	4702
6069.935750	4.050139	4703
6070.981329	4.075318	4704
6072.010673	4.113364	4705
6073.055249	3.982939	4706
6074.084816	4.046459	4707
6075.129191	3.985160	4708
6076.160313	4.026367	4709
6077.204680	4.179666	4710
6078.233950	4.066379	4711
6079.279419	4.142485	4712
6080.309127	4.073656	4713
6081.353247	4.063964	4714
6082.384251	4.105839	4715
6083.429013	4.124170	4716
6084.459461	4.011295	4717
6085.504228	4.090173	4718
6086.533376	4.028991	4719
6087.578053	4.027152	4720
6088.608143	4.043377	4721
6089.653363	3.934428	4722
6090.682949	3.885621	4723
6091.726825	3.924399	4724
6092.756824	3.859403	4725
6093.802523	4.024698	4726
6094.830778	3.946428	4727
6095.876780	3.950635	4728
6096.905789	3.977789	4729
6097.950455	3.927186	4730
6098.980791	4.074938	4731
6100.024695	4.137661	4732
6101.054393	3.960143	4733
6102.100553	4.006898	4734
6103.130285	4.035542	4735
6104.172610	3.916223	4736
6105.206358	3.956010	4737
6106.248873	4.021168	4738
6107.281030	3.926180	4739
6108.323422	3.925098	4740
6109.355012	3.926682	4741
6110.398324	3.934342	4742
