time (s)	coil I (A)	last det (V)	int current (uC)
7031.010275	1.127802	0.111485	501.871674
7031.011149	1.619777	0.111485	1917.556519
7031.012096	1.612866	0.111485	3444.940918
7031.013084	1.566694	0.111485	4992.834961
7031.014015	1.523503	0.111485	6411.216797
7031.014890	1.076997	0.111485	7353.589355
7031.015943	0.104260	0.111485	7463.375488
7031.016831	0.085466	0.111485	7539.269531
7031.017753	0.085448	0.111485	7618.052734
7031.018610	0.085518	0.111485	7691.341309
7031.019589	0.085477	0.111485	7775.023437
7031.020515	0.085573	0.111485	7854.263672
7031.021397	0.085580	0.111485	7929.745117
7031.022353	0.085532	0.111485	8011.514160
7031.023290	0.085573	0.111485	8091.695801
7031.024209	0.085562	0.111485	8170.326660
7032.061979	1.143007	0.123816	590.934448
7032.062957	1.627306	0.123816	2182.439453
7032.063852	1.606604	0.123816	3620.350098
7032.064748	1.564915	0.123816	5022.513672
7032.065749	1.518948	0.123816	6542.980469
7032.066673	0.830402	0.123816	7310.271484
7032.067595	0.094508	0.123816	7397.407715
7032.068460	0.085543	0.123816	7471.402344
7032.069507	0.085580	0.123816	7561.004395
7032.070394	0.085514	0.123816	7636.855469
7032.071269	0.085627	0.123816	7711.779297
7032.072281	0.085646	0.123816	7798.452637
7032.073203	0.085576	0.123816	7877.354004
7032.074120	0.085587	0.123816	7955.837402
7032.074983	0.085649	0.123816	8029.752930
7032.076010	0.085565	0.123816	8117.628418
7033.084994	1.186699	0.120464	664.551575
7033.086011	1.628478	0.120464	2320.713623
7033.086898	1.604323	0.120464	3743.747559
7033.087762	1.562003	0.120464	5093.318359
7033.088828	1.513224	0.120464	6706.415039
7033.089764	0.664578	0.120464	7328.459961
7033.090641	0.090927	0.120464	7408.202637
7033.091609	0.085609	0.120464	7491.072266
7033.092619	0.085594	0.120464	7577.522461
7033.093508	0.085624	0.120464	7653.642090
7033.094368	0.085529	0.120464	7727.196777
7033.095446	0.085679	0.120464	7819.558594
7033.096382	0.085602	0.120464	7899.681641
7033.097260	0.085649	0.120464	7974.881836
7033.098212	0.085697	0.120464	8056.465332
7033.099231	0.085576	0.120464	8143.667480
7034.134600	1.231992	0.109330	698.539551
7034.135659	1.628331	0.109330	2422.942383
7034.136551	1.601601	0.109330	3851.570801
7034.137440	1.558374	0.109330	5236.965332
7034.138530	1.508947	0.109330	6881.716797
7034.139482	0.495846	0.109330	7353.762207
7034.140340	0.088022	0.109330	7429.285645
7034.141370	0.085551	0.109330	7517.402832
7034.142404	0.085474	0.109330	7605.782715
7034.143283	0.085492	0.109330	7680.930176
7034.144195	0.085547	0.109330	7758.948730
7034.145274	0.085573	0.109330	7851.281250
7034.146204	0.085488	0.109330	7930.785156
7034.147074	0.085554	0.109330	8005.217285
7034.148102	0.085587	0.109330	8093.200684
7034.149122	0.085496	0.109330	8180.406250
7035.157966	1.105422	0.110361	479.753326
7035.158845	1.618663	0.110361	1902.558350
7035.159716	1.615474	0.110361	3309.635742
7035.160694	1.571627	0.110361	4846.687500
7035.161634	1.527092	0.110361	6282.154297
7035.162539	1.143867	0.110361	7317.354004
7035.163396	0.138915	0.110361	7436.403809
7035.164381	0.085503	0.110361	7520.624023
7035.165334	0.085507	0.110361	7602.111816
7035.166203	0.085525	0.110361	7676.433105
7035.167114	0.085529	0.110361	7754.349609
7035.168056	0.085503	0.110361	7834.893555
7035.168951	0.085485	0.110361	7911.402344
7035.169867	0.085576	0.110361	7989.790039
7035.170801	0.085514	0.110361	8069.660156
7035.171734	0.085499	0.110361	8149.431152
7036.210134	1.134598	0.120968	502.627075
7036.211065	1.622761	0.120968	2013.417847
7036.211945	1.613064	0.120968	3432.914062
7036.212862	1.570089	0.120968	4872.685547
7036.213827	1.525532	0.120968	6344.824219
7036.214757	1.065099	0.120968	7335.366211
7036.215625	0.123116	0.120968	7442.231445
7036.216602	0.085426	0.120968	7525.692871
7036.217500	0.085573	0.120968	7602.537109
7036.218422	0.085558	0.120968	7681.421387
7036.219297	0.085514	0.120968	7756.246094
7036.220266	0.085481	0.120968	7839.077148
7036.221217	0.085584	0.120968	7920.467285
7036.222108	0.085576	0.120968	7996.715820
7036.223012	0.085554	0.120968	8074.056641
7036.223950	0.085547	0.120968	8154.299805
7037.235698	1.154956	0.129931	534.744690
7037.236583	1.621051	0.129931	1969.375000
7037.237496	1.612299	0.129931	3441.403809
7037.238380	1.569858	0.129931	4829.158691
7037.239356	1.525477	0.129931	6318.024414
7037.240283	1.077521	0.129931	7316.886230
7037.241168	0.120509	0.129931	7423.536621
7037.242083	0.085444	0.129931	7501.718262
7037.243030	0.085518	0.129931	7582.703613
7037.243944	0.085444	0.129931	7660.799805
7037.244816	0.085507	0.129931	7735.361328
7037.245742	0.085529	0.129931	7814.560547
7037.246692	0.085507	0.129931	7895.791992
7037.247605	0.085558	0.129931	7973.906250
7037.248467	0.085485	0.129931	8047.593750
7037.249410	0.085532	0.129931	8128.250488
7038.286790	1.099069	0.119252	480.292938
7038.287651	1.616979	0.119252	1872.511719
7038.288695	1.609113	0.119252	3552.425293
7038.289599	1.566782	0.119252	4968.796387
7038.290475	1.526019	0.119252	6305.589355
7038.291441	1.011859	0.119252	7283.045410
7038.292398	0.104077	0.119252	7382.647461
7038.293320	0.085499	0.119252	7461.477539
7038.294185	0.085510	0.119252	7535.443848
7038.295217	0.085518	0.119252	7623.697754
7038.296104	0.085463	0.119252	7699.502930
7038.296973	0.085481	0.119252	7773.785645
7038.297844	0.085598	0.119252	7848.341797
7038.298891	0.085543	0.119252	7937.905762
7038.299768	0.085540	0.119252	8012.923828
7038.300646	0.085576	0.119252	8088.059570
7039.309757	1.091360	0.123703	466.010651
7039.310773	1.621934	0.123703	2113.895264
7039.311823	1.602986	0.123703	3797.030273
7039.312717	1.560271	0.123703	5191.912598
7039.313635	1.516908	0.123703	6584.434082
7039.314719	0.608525	0.123703	7244.075684
7039.315665	0.087616	0.123703	7326.960449
7039.316533	0.085532	0.123703	7401.202637
7039.317570	0.085576	0.123703	7489.945312
7039.318586	0.085529	0.123703	7576.842285
7039.319473	0.085554	0.123703	7652.729004
7039.320409	0.085580	0.123703	7732.831543
7039.321446	0.085525	0.123703	7821.520996
7039.322375	0.085573	0.123703	7901.018066
7039.323235	0.085587	0.123703	7974.623047
7039.324290	0.085631	0.123703	8064.963867
7040.362935	1.081198	0.125141	454.102936
7040.363939	1.619447	0.125141	2080.027832
7040.365003	1.603352	0.125141	3785.994385
7040.365894	1.560505	0.125141	5176.404785
7040.366777	1.518025	0.125141	6516.820801
7040.367882	0.639353	0.125141	7223.305664
7040.368842	0.087762	0.125141	7307.557617
7040.369708	0.085452	0.125141	7381.558594
7040.370767	0.085565	0.125141	7472.172363
7040.371797	0.085463	0.125141	7560.198730
7040.372684	0.085529	0.125141	7636.062500
7040.373614	0.085584	0.125141	7715.655273
7040.374661	0.085594	0.125141	7805.272461
7040.375595	0.085477	0.125141	7885.108398
7040.376460	0.085499	0.125141	7959.065430
7040.377505	0.085631	0.125141	8048.549805
7041.380348	1.149456	0.118458	550.589233
7041.381235	1.621414	0.118458	1988.783081
7041.382098	1.612910	0.118458	3380.724609
7041.383059	1.568752	0.118458	4888.295898
7041.384015	1.524694	0.118458	6345.902832
7041.384913	1.091891	0.118458	7326.420898
7041.385829	0.126735	0.118458	7442.509766
7041.386761	0.085400	0.118458	7522.103027
7041.387693	0.085463	0.118458	7601.754395
7041.388585	0.085635	0.118458	7678.140625
7041.389511	0.085470	0.118458	7757.285645
7041.390456	0.085459	0.118458	7838.044434
7041.391336	0.085481	0.118458	7913.267578
7041.392265	0.085455	0.118458	7992.655762
7041.393194	0.085459	0.118458	8072.047363
7041.394119	0.085466	0.118458	8151.103516
7042.438657	1.165313	0.119743	575.664368
7042.439588	1.623724	0.119743	2087.351807
7042.440511	1.609259	0.119743	3572.697754
7042.441373	1.567698	0.119743	4924.053223
7042.442329	1.523397	0.119743	6380.420898
7042.443296	0.962446	0.119743	7311.106445
7042.444188	0.105168	0.119743	7404.916504
7042.445099	0.085466	0.119743	7482.776367
7042.446035	0.085562	0.119743	7562.861816
7042.446976	0.085554	0.119743	7643.368164
7042.447860	0.085547	0.119743	7718.991699
7042.448790	0.085525	0.119743	7798.529785
7042.449738	0.085554	0.119743	7879.635254
7042.450665	0.085558	0.119743	7958.947266
7042.451528	0.085573	0.119743	8032.796387
7042.452457	0.085591	0.119743	8112.310059
7043.454949	1.142955	0.121927	532.617249
7043.455829	1.620209	0.121927	1958.400879
7043.456705	1.614335	0.121927	3372.558105
7043.457697	1.569452	0.121927	4929.454102
7043.458645	1.524038	0.121927	6374.242187
7043.459573	1.034374	0.121927	7334.141113
7043.460439	0.118396	0.121927	7436.671875
7043.461481	0.085529	0.121927	7525.792480
7043.462352	0.085507	0.121927	7600.268555
7043.463222	0.085518	0.121927	7674.668945
7043.464145	0.085627	0.121927	7753.703125
7043.465128	0.085562	0.121927	7837.810059
7043.466043	0.085470	0.121927	7916.015137
7043.466917	0.085492	0.121927	7990.734863
7043.468023	0.085569	0.121927	8085.374023
7043.468917	0.085562	0.121927	8161.866211
7044.513856	1.185663	0.125483	663.971191
7044.514877	1.628192	0.125483	2326.355469
7044.515763	1.603762	0.125483	3747.288818
7044.516624	1.561644	0.125483	5091.864746
7044.517711	1.512960	0.125483	6736.452637
7044.518623	0.669573	0.125483	7347.103027
7044.519497	0.091062	0.125483	7426.691406
7044.520459	0.085474	0.125483	7508.916992
7044.521469	0.085463	0.125483	7595.234375
7044.522359	0.085536	0.125483	7671.361328
7044.523224	0.085496	0.125483	7745.314941
7044.524296	0.085613	0.125483	7837.091797
7044.525240	0.085481	0.125483	7917.785645
7044.526115	0.085437	0.125483	7992.542969
7044.527067	0.085569	0.125483	8074.004395
7044.528087	0.085529	0.125483	8161.243652
7045.527068	1.181686	0.124976	602.659790
7045.528072	1.627386	0.124976	2236.555664
7045.528965	1.605908	0.124976	3670.631836
7045.529948	1.560300	0.124976	5204.407227
7045.531000	1.511180	0.124976	6794.168945
7045.531912	0.620299	0.124976	7359.881836
7045.532768	0.090308	0.124976	7437.185059
7045.533841	0.085627	0.124976	7529.063477
7045.534834	0.085565	0.124976	7614.029785
7045.535710	0.085554	0.124976	7688.975098
7045.536710	0.085642	0.124976	7774.617187
7045.537759	0.085540	0.124976	7864.348145
7045.538638	0.085510	0.124976	7939.511719
7045.539505	0.085609	0.124976	8013.734863
7045.540594	0.085649	0.124976	8107.006836
7045.541563	0.085455	0.124976	8189.812988
7046.590481	1.171245	0.125004	592.650024
7046.591446	1.626625	0.125004	2162.342773
7046.592324	1.608578	0.125004	3574.674072
7046.593343	1.561234	0.125004	5165.571777
7046.594399	1.512517	0.125004	6762.790039
7046.595287	0.698115	0.125004	7382.716309
7046.596175	0.092461	0.125004	7464.821777
7046.597253	0.085613	0.125004	7557.112305
7046.598216	0.085587	0.125004	7639.532715
7046.599080	0.085602	0.125004	7713.492676
7046.600120	0.085657	0.125004	7802.575684
7046.601151	0.085605	0.125004	7890.834961
7046.602026	0.085565	0.125004	7965.704590
7046.602931	0.085635	0.125004	8043.204102
7046.603999	0.085558	0.125004	8134.580078
7046.604938	0.085536	0.125004	8214.898437
7047.604173	1.102859	0.130736	480.846466
7047.605044	1.617297	0.130736	1889.512451
7047.606022	1.612412	0.130736	3466.451660
7047.606944	1.568002	0.130736	4912.149414
7047.607854	1.525540	0.130736	6300.390625
7047.608738	1.095553	0.130736	7268.859375
7047.609718	0.115693	0.130736	7382.238770
7047.610672	0.085518	0.130736	7463.822754
7047.611559	0.085580	0.130736	7539.731934
7047.612471	0.085616	0.130736	7617.813965
7047.613429	0.085653	0.130736	7699.869629
7047.614345	0.085605	0.130736	7778.284180
7047.615208	0.085649	0.130736	7852.199707
7047.616166	0.085558	0.130736	7934.164062
7047.617086	0.085591	0.130736	8012.907715
7047.617998	0.085536	0.130736	8090.916504
7048.667076	1.094202	0.128976	471.600922
7048.667939	1.616155	0.128976	1866.342529
7048.668905	1.612573	0.128976	3424.088379
7048.669868	1.568273	0.128976	4934.334961
7048.670764	1.525653	0.128976	6301.320312
7048.671641	1.106199	0.128976	7271.456543
7048.672613	0.116140	0.128976	7384.344727
7048.673559	0.085415	0.128976	7465.147461
7048.674451	0.085573	0.128976	7541.478027
7048.675371	0.085551	0.128976	7620.184570
7048.676334	0.085620	0.128976	7702.636719
7048.677254	0.085565	0.128976	7781.356445
7048.678109	0.085635	0.128976	7854.574219
7048.679059	0.085543	0.128976	7935.840332
7048.680007	0.085547	0.128976	8016.938965
7048.680932	0.085635	0.128976	8096.151367
7049.674744	1.124370	0.118200	537.448914
7049.675672	1.623146	0.118200	2043.728271
7049.676598	1.609581	0.118200	3534.200439
7049.677482	1.567881	0.118200	4920.207031
7049.678450	1.522075	0.118200	6393.575684
7049.679406	0.949237	0.118200	7301.046387
7049.680280	0.106864	0.118200	7394.445312
7049.681365	0.085540	0.118200	7487.255859
7049.682301	0.085540	0.118200	7567.320801
7049.683223	0.085668	0.118200	7646.306641
7049.684079	0.085580	0.118200	7719.562988
7049.685032	0.085558	0.118200	7801.099609
7049.685985	0.085562	0.118200	7882.639648
7049.686876	0.085569	0.118200	7958.881348
7049.687785	0.085598	0.118200	8036.689941
7049.688722	0.085558	0.118200	8116.857422
7050.741234	1.157772	0.126841	556.888428
7050.742170	1.623457	0.126841	2076.444336
7050.743102	1.608373	0.126841	3575.447754
7050.743981	1.566456	0.126841	4952.362793
7050.744959	1.521694	0.126841	6440.580078
7050.745922	0.924221	0.126841	7330.604980
7050.746809	0.101283	0.126841	7420.442871
7050.747724	0.085452	0.126841	7498.631348
7050.748652	0.085580	0.126841	7578.049316
7050.749571	0.085547	0.126841	7656.666992
7050.750433	0.085507	0.126841	7730.373535
7050.751395	0.085536	0.126841	7812.659180
7050.752326	0.085565	0.126841	7892.320312
7050.753221	0.085558	0.126841	7968.894531
7050.754135	0.085536	0.126841	8047.074219
7050.755093	0.085540	0.126841	8129.020996
7051.752890	1.086577	0.133061	456.362427
7051.753917	1.623417	0.133061	2123.611328
7051.754820	1.608556	0.133061	3576.137207
7051.755698	1.567375	0.133061	4952.292969
7051.756616	1.524239	0.133061	6351.544922
7051.757625	0.931714	0.133061	7291.644043
7051.758516	0.103605	0.133061	7383.956055
7051.759384	0.085470	0.133061	7458.144043
7051.760382	0.085532	0.133061	7543.505371
7051.761285	0.085613	0.133061	7620.813965
7051.762181	0.085569	0.133061	7697.483887
7051.763069	0.085616	0.133061	7773.511230
7051.764029	0.085638	0.133061	7855.724121
7051.764955	0.085580	0.133061	7934.971191
7051.765842	0.085605	0.133061	8010.903320
7051.766767	0.085620	0.133061	8090.102051
7052.816310	1.105019	0.134547	464.108154
7052.817368	1.625691	0.134547	2184.089111
7052.818268	1.607040	0.134547	3630.424805
7052.819148	1.565966	0.134547	5008.474609
7052.820145	1.520134	0.134547	6524.048828
7052.821095	0.856479	0.134547	7337.704102
7052.822017	0.095823	0.134547	7426.052734
7052.822879	0.085518	0.134547	7499.769043
7052.823910	0.085507	0.134547	7587.926270
7052.824792	0.085551	0.134547	7663.381836
7052.825668	0.085580	0.134547	7738.349609
7052.826642	0.085598	0.134547	7821.722168
7052.827607	0.085518	0.134547	7904.246582
7052.828512	0.085521	0.134547	7981.643066
7052.829389	0.085573	0.134547	8056.689941
7052.830428	0.085492	0.134547	8145.516113
7053.825511	1.116196	0.126712	522.379883
7053.826589	1.625621	0.126712	2274.799805
7053.827530	1.602579	0.126712	3782.827148
7053.828395	1.561293	0.126712	5133.345215
7053.829440	1.513293	0.126712	6714.736816
7053.830469	0.555923	0.126712	7286.781250
7053.831339	0.088121	0.126712	7363.446777
7053.832277	0.085518	0.126712	7443.662109
7053.833343	0.085587	0.126712	7534.897949
7053.834282	0.085525	0.126712	7615.206055
7053.835149	0.085573	0.126712	7689.397461
7053.836189	0.085635	0.126712	7778.457520
7053.837206	0.085503	0.126712	7865.414062
7053.838097	0.085496	0.126712	7941.590820
7053.839049	0.085562	0.126712	8023.045410
7053.840120	0.085609	0.126712	8114.732910
7054.890464	1.136367	0.125798	520.456177
7054.891348	1.619982	0.125798	1952.519897
7054.892315	1.610094	0.125798	3509.480713
7054.893360	1.561245	0.125798	5140.981934
7054.894283	1.518267	0.125798	6542.341797
7054.895159	0.913162	0.125798	7342.271484
7054.896239	0.092366	0.125798	7442.026367
7054.897228	0.085488	0.125798	7526.574219
7054.898123	0.085562	0.125798	7603.151855
7054.899114	0.085664	0.125798	7688.044922
7054.900156	0.085573	0.125798	7777.211426
7054.901044	0.085569	0.125798	7853.196777
7054.901900	0.085565	0.125798	7926.440430
7054.903000	0.085540	0.125798	8020.534180
7054.903966	0.085470	0.125798	8103.098145
7054.904836	0.085492	0.125798	8177.476074
7055.902179	1.123158	0.126732	521.145325
7055.903068	1.620183	0.126732	1961.488037
7055.903936	1.613467	0.126732	3361.977051
7055.904919	1.569236	0.126732	4904.536133
7055.905870	1.524774	0.126732	6354.596680
7055.906769	1.087343	0.126732	7332.117676
7055.907675	0.126584	0.126732	7446.803223
7055.908603	0.085470	0.126732	7526.119141
7055.909556	0.085532	0.126732	7607.631348
7055.910440	0.085624	0.126732	7683.322754
7055.911351	0.085565	0.126732	7761.272461
7055.912309	0.085514	0.126732	7843.194824
7055.913227	0.085525	0.126732	7921.706543
7055.914096	0.085510	0.126732	7996.015137
7055.915125	0.085488	0.126732	8083.982422
7055.916070	0.085562	0.126732	8164.837891
7056.965575	1.105353	0.133149	483.039154
7056.966450	1.617393	0.133149	1898.257690
7056.967366	1.613342	0.133149	3376.079102
7056.968328	1.569261	0.133149	4885.708496
7056.969251	1.526137	0.133149	6294.332520
7056.970120	1.160698	0.133149	7302.979492
7056.971103	0.129371	0.133149	7430.151367
7056.972020	0.085474	0.133149	7508.530762
7056.972930	0.085576	0.133149	7586.405273
7056.973804	0.085602	0.133149	7661.221191
7056.974781	0.085558	0.133149	7744.811035
7056.975735	0.085554	0.133149	7826.429687
7056.976621	0.085587	0.133149	7902.259766
7056.977535	0.085540	0.133149	7980.442871
7056.978455	0.085573	0.133149	8059.169434
7056.979386	0.085558	0.133149	8138.823730
7057.979369	1.115486	0.131897	526.509338
7057.980365	1.625815	0.131897	2145.821533
7057.981288	1.606469	0.131897	3628.592041
7057.982172	1.565079	0.131897	5012.122070
7057.983193	1.519094	0.131897	6563.117187
7057.984103	0.850448	0.131897	7337.024902
7057.985018	0.096533	0.131897	7425.352539
7057.985882	0.085562	0.131897	7499.277832
7057.986929	0.085536	0.131897	7588.833984
7057.987800	0.085543	0.131897	7663.342285
7057.988713	0.085646	0.131897	7741.536621
7057.989588	0.085529	0.131897	7816.374023
7057.990574	0.085587	0.131897	7900.763184
7057.991490	0.085547	0.131897	7979.124023
7057.992363	0.085554	0.131897	8053.812988
7057.993375	0.085594	0.131897	8140.434570
7059.038138	1.083420	0.126563	455.036560
7059.039141	1.618517	0.126563	2078.408936
7059.040146	1.604542	0.126563	3690.973633
7059.041041	1.562648	0.126563	5089.543457
7059.041907	1.520460	0.126563	6406.262207
7059.043019	0.728580	0.126563	7216.443359
7059.043932	0.090601	0.126563	7299.161621
7059.044809	0.085518	0.126563	7374.160645
7059.045801	0.085631	0.126563	7459.106934
7059.046796	0.085540	0.126563	7544.218750
7059.047686	0.085496	0.126563	7620.310059
7059.048546	0.085594	0.126563	7693.921387
7059.049633	0.085529	0.126563	7786.891113
7059.050537	0.085638	0.126563	7864.308105
7059.051406	0.085565	0.126563	7938.664062
7059.052386	0.085532	0.126563	8022.485840
7060.056111	1.206471	0.136594	645.461975
7060.057044	1.626215	0.136594	2162.720215
7060.057915	1.607538	0.136594	3562.885742
7060.058999	1.557524	0.136594	5251.242187
7060.060009	1.510485	0.136594	6776.832031
7060.060914	0.648644	0.136594	7363.854492
7060.061887	0.090179	0.136594	7451.599121
7060.062941	0.085642	0.136594	7541.865723
7060.063843	0.085543	0.136594	7619.025879
7060.064706	0.085671	0.136594	7692.960449
7060.065796	0.085646	0.136594	7786.314453
7060.066764	0.085576	0.136594	7869.152344
7060.067645	0.085591	0.136594	7944.557617
7060.068640	0.085730	0.136594	8029.858887
7060.069682	0.085638	0.136594	8119.094238
7060.070567	0.085543	0.136594	8194.799805
7061.114361	1.135507	0.138942	539.365662
7061.115256	1.621600	0.138942	1990.697998
7061.116134	1.612614	0.138942	3406.572754
7061.117055	1.570679	0.138942	4853.167969
7061.118000	1.525422	0.138942	6294.691895
7061.118943	1.065212	0.138942	7299.187012
7061.119825	0.121300	0.138942	7406.173828
7061.120758	0.085547	0.138942	7485.989258
7061.121703	0.085543	0.138942	7566.827637
7061.122622	0.085587	0.138942	7645.482422
7061.123480	0.085609	0.138942	7718.935059
7061.124417	0.085609	0.138942	7799.150879
7061.125354	0.085580	0.138942	7879.339355
7061.126252	0.085682	0.138942	7956.282227
7061.127114	0.085594	0.138942	8030.064453
7061.128082	0.085580	0.138942	8112.905762
7062.132675	1.114006	0.139828	480.136749
7062.133653	1.622516	0.139828	2066.957275
7062.134576	1.609318	0.139828	3552.357422
7062.135452	1.568265	0.139828	4926.158203
7062.136386	1.524188	0.139828	6349.750000
7062.137343	1.004824	0.139828	7311.366699
7062.138266	0.106769	0.139828	7409.914062
7062.139145	0.085514	0.139828	7485.080566
7062.140092	0.085587	0.139828	7566.131836
7062.141009	0.085558	0.139828	7644.588379
7062.141938	0.085459	0.139828	7723.979980
7062.142799	0.085474	0.139828	7797.572754
7062.143773	0.085605	0.139828	7880.952637
7062.144717	0.085613	0.139828	7961.770996
7062.145599	0.085631	0.139828	8037.297852
7062.146508	0.085551	0.139828	8115.063477
7063.187901	1.084570	0.130394	459.857788
7063.188838	1.615089	0.130394	1973.196289
7063.189857	1.607776	0.130394	3611.520020
7063.190787	1.563951	0.130394	5065.994629
7063.191649	1.522921	0.130394	6378.752441
7063.192729	0.815724	0.130394	7259.734375
7063.193611	0.094244	0.130394	7342.857910
7063.194493	0.085525	0.130394	7418.291016
7063.195352	0.085613	0.130394	7491.832520
7063.196406	0.085565	0.130394	7582.018066
7063.197296	0.085536	0.130394	7658.145020
7063.198171	0.085554	0.130394	7733.004883
7063.199178	0.085565	0.130394	7819.168945
7063.200101	0.085562	0.130394	7898.142090
7063.201027	0.085598	0.130394	7977.405762
7063.201887	0.085613	0.130394	8051.032715
7064.206288	1.121224	0.131522	496.702423
7064.207170	1.618396	0.131522	1924.127563
7064.208156	1.610035	0.131522	3511.622314
7064.209217	1.560967	0.131522	5167.808105
7064.210116	1.518234	0.131522	6532.700195
7064.210985	0.917655	0.131522	7330.142578
7064.212070	0.092802	0.131522	7430.832031
7064.213046	0.085496	0.131522	7514.275879
7064.213909	0.085580	0.131522	7588.131348
7064.214927	0.085675	0.131522	7675.348633
7064.215979	0.085649	0.131522	7765.451660
7064.216855	0.085554	0.131522	7840.396973
7064.217737	0.085657	0.131522	7915.946289
7064.218839	0.085668	0.131522	8010.352051
7064.219797	0.085551	0.131522	8092.309570
7064.220663	0.085616	0.131522	8166.453613
7065.262595	1.156256	0.139873	570.034241
7065.263474	1.621890	0.139873	1995.675293
7065.264393	1.610365	0.139873	3475.600586
7065.265462	1.560959	0.139873	5144.266113
7065.266409	1.516930	0.139873	6580.798828
7065.267278	0.902889	0.139873	7365.409668
7065.268327	0.093827	0.139873	7463.833984
7065.269339	0.085499	0.139873	7550.359375
7065.270220	0.085605	0.139873	7625.777832
7065.271174	0.085671	0.139873	7707.508301
7065.272229	0.085686	0.139873	7797.907227
7065.273157	0.085635	0.139873	7877.376465
7065.274016	0.085668	0.139873	7950.964844
7065.275044	0.085649	0.139873	8039.012207
7065.276067	0.085664	0.139873	8126.646484
7065.276955	0.085558	0.139873	8202.622070
7066.283505	1.136239	0.136779	545.394775
7066.284436	1.623153	0.136779	2056.550293
7066.285365	1.608845	0.136779	3551.167480
7066.286235	1.567613	0.136779	4914.991211
7066.287206	1.523284	0.136779	6394.099609
7066.288161	0.980951	0.136779	7330.907715
7066.289043	0.108278	0.136779	7426.408691
7066.289917	0.085470	0.136779	7501.109375
7066.290858	0.085525	0.136779	7581.588379
7066.291804	0.085624	0.136779	7662.588379
7066.292693	0.085565	0.136779	7738.655762
7066.293603	0.085536	0.136779	7816.493652
7066.294548	0.085536	0.136779	7897.325195
7066.295444	0.085554	0.136779	7973.981934
7066.296305	0.085540	0.136779	8047.631348
7066.297269	0.085551	0.136779	8130.102051
7067.336678	1.142036	0.132066	531.046814
7067.337608	1.622183	0.132066	2039.676758
7067.338487	1.611317	0.132066	3456.024414
7067.339401	1.568914	0.132066	4890.011719
7067.340360	1.524518	0.132066	6352.024414
7067.341296	1.044763	0.132066	7329.922852
7067.342159	0.120077	0.132066	7433.549316
7067.343131	0.085518	0.132066	7516.672363
7067.344029	0.085569	0.132066	7593.513184
7067.344954	0.085518	0.132066	7672.617187
7067.345827	0.085547	0.132066	7747.299805
7067.346792	0.085525	0.132066	7829.831543
7067.347739	0.085554	0.132066	7910.851562
7067.348625	0.085540	0.132066	7986.639648
7067.349535	0.085594	0.132066	8064.530762
7067.350484	0.085529	0.132066	8145.697266
7068.358707	1.200648	0.140823	655.553894
7068.359639	1.625881	0.140823	2170.875244
7068.360566	1.605743	0.140823	3659.399414
7068.361437	1.563428	0.140823	5021.145020
7068.362485	1.516036	0.140823	6609.951172
7068.363370	0.848914	0.140823	7361.239746
7068.364296	0.096453	0.140823	7450.554687
7068.365159	0.085441	0.140823	7524.290039
7068.366122	0.085518	0.140823	7606.643555
7068.367052	0.085507	0.140823	7686.164551
7068.367924	0.085558	0.140823	7760.770996
7068.368931	0.085499	0.140823	7846.868652
7068.369835	0.085558	0.140823	7924.212891
7068.370748	0.085499	0.140823	8002.273926
7068.371624	0.085584	0.140823	8077.245117
7068.372583	0.085518	0.140823	8159.256348
7069.411388	1.189241	0.138870	658.839417
7069.412402	1.627105	0.138870	2308.723389
7069.413284	1.603345	0.138870	3722.873535
7069.414157	1.560982	0.138870	5085.610352
7069.415243	1.511979	0.138870	6727.619141
7069.416164	0.664900	0.138870	7339.992187
7069.417040	0.090828	0.138870	7419.557129
7069.418018	0.085635	0.138870	7503.308105
7069.419032	0.085543	0.138870	7590.048828
7069.419919	0.085565	0.138870	7665.945312
7069.420795	0.085532	0.138870	7740.871582
7069.421766	0.085540	0.138870	7823.930664
7069.422706	0.085594	0.138870	7904.389648
7069.423618	0.085584	0.138870	7982.441895
7069.424482	0.085569	0.138870	8056.373535
7069.425518	0.085638	0.138870	8145.094727
7070.434358	1.210287	0.144658	654.765198
7070.435413	1.627105	0.144658	2371.360352
7070.436298	1.602085	0.144658	3789.205566
7070.437221	1.557913	0.144658	5227.159180
7070.438286	1.508430	0.144658	6833.637207
7070.439244	0.512245	0.144658	7324.367676
7070.440112	0.088136	0.144658	7400.869629
7070.441151	0.085591	0.144658	7489.798340
7070.442162	0.085540	0.144658	7576.278809
7070.443054	0.085547	0.144658	7652.586426
7070.444012	0.085627	0.144658	7734.617676
7070.445065	0.085638	0.144658	7824.794922
7070.446001	0.085584	0.144658	7904.900879
7070.446865	0.085466	0.144658	7978.743652
7070.447938	0.085712	0.144658	8070.712402
7070.448935	0.085540	0.144658	8155.995117
7071.487459	1.112853	0.137262	507.460815
7071.488365	1.620751	0.137262	1975.861084
7071.489233	1.613108	0.137262	3376.038818
7071.490179	1.568115	0.137262	4859.475586
7071.491144	1.523357	0.137262	6329.515137
7071.492084	1.040885	0.137262	7307.947266
7071.492946	0.118213	0.137262	7409.846680
7071.493916	0.085408	0.137262	7492.692383
7071.494866	0.085477	0.137262	7573.895996
7071.495751	0.085584	0.137262	7649.637207
7071.496677	0.085540	0.137262	7728.846680
7071.497600	0.085503	0.137262	7807.766113
7071.498522	0.085551	0.137262	7886.643555
7071.499412	0.085576	0.137262	7962.806152
7071.500406	0.085616	0.137262	8047.908691
7071.501460	0.085653	0.137262	8138.187012
7072.508348	1.083457	0.138531	457.218842
7072.509270	1.617638	0.138531	1948.681152
7072.510226	1.609926	0.138531	3487.770020
7072.511152	1.567167	0.138531	4938.966309
7072.512022	1.525756	0.138531	6266.373535
7072.513009	1.035634	0.138531	7288.543945
7072.513968	0.108717	0.138531	7392.803711
7072.514860	0.085532	0.138531	7469.098633
7072.515775	0.085525	0.138531	7547.354004
7072.516706	0.085503	0.138531	7626.957031
7072.517643	0.085518	0.138531	7707.086914
7072.518513	0.085551	0.138531	7781.516113
7072.519433	0.085591	0.138531	7860.259766
7072.520379	0.085510	0.138531	7941.152344
7072.521275	0.085562	0.138531	8017.815430
7072.522188	0.085569	0.138531	8095.939941
7073.562109	1.176130	0.143482	561.014160
7073.563045	1.623087	0.143482	2080.223633
7073.563971	1.608600	0.143482	3569.787109
7073.564839	1.566973	0.143482	4929.919434
7073.565817	1.522668	0.143482	6419.089355
7073.566766	0.961879	0.143482	7331.912109
7073.567645	0.106047	0.143482	7425.127930
7073.568557	0.085565	0.143482	7503.163574
7073.569485	0.085532	0.143482	7582.537598
7073.570417	0.085510	0.143482	7662.233398
7073.571300	0.085602	0.143482	7737.819824
7073.572210	0.085565	0.143482	7815.684082
7073.573160	0.085540	0.143482	7896.946777
7073.574048	0.085598	0.143482	7972.958008
7073.575025	0.085562	0.143482	8056.551758
7073.575947	0.085679	0.143482	8135.547363
7074.583483	1.085079	0.144960	457.903473
7074.584438	1.615587	0.144960	2000.789185
7074.585406	1.608347	0.144960	3557.669434
7074.586324	1.565493	0.144960	4994.791992
7074.587209	1.524001	0.144960	6343.533203
7074.588265	0.880529	0.144960	7273.371582
7074.589151	0.098965	0.144960	7361.054199
7074.590023	0.085426	0.144960	7435.545898
7074.590902	0.085580	0.144960	7510.770508
7074.591934	0.085686	0.144960	7599.198730
7074.592812	0.085631	0.144960	7674.382812
7074.593680	0.085594	0.144960	7748.678711
7074.594655	0.085609	0.144960	7832.147461
7074.595580	0.085540	0.144960	7911.271484
7074.596483	0.085554	0.144960	7988.526855
7074.597358	0.085660	0.144960	8063.479492
7075.637765	1.159592	0.139273	576.317383
7075.638701	1.624314	0.139273	2096.675293
7075.639575	1.609819	0.139273	3503.657471
7075.640510	1.566259	0.139273	4968.109375
7075.641573	1.517146	0.139273	6580.835449
7075.642473	0.863148	0.139273	7357.668945
7075.643337	0.099910	0.139273	7443.990723
7075.644381	0.085609	0.139273	7533.366699
7075.645320	0.085551	0.139273	7613.698730
7075.646192	0.085536	0.139273	7688.286133
7075.647076	0.085540	0.139273	7763.903320
7075.648170	0.085573	0.139273	7857.519531
7075.649050	0.085565	0.139273	7932.816895
7075.649906	0.085573	0.139273	8006.066895
7075.650913	0.085605	0.139273	8092.271484
7075.651881	0.085543	0.139273	8175.077148
7076.657685	1.176266	0.146519	601.071899
7076.658614	1.624585	0.146519	2110.311279
7076.659484	1.609398	0.146519	3510.487793
7076.660535	1.560454	0.146519	5150.524902
7076.661567	1.512711	0.146519	6711.642578
7076.662469	0.718096	0.146519	7359.364746
7076.663423	0.092527	0.146519	7447.635254
7076.664478	0.085569	0.146519	7537.910156
7076.665406	0.085587	0.146519	7617.334961
7076.666269	0.085565	0.146519	7691.177734
7076.667343	0.085671	0.146519	7783.188965
7076.668342	0.085558	0.146519	7868.661133
7076.669224	0.085624	0.146519	7944.181152
7076.670197	0.085708	0.146519	8027.575195
7076.671241	0.085690	0.146519	8117.035156
7076.672137	0.085558	0.146519	8193.695312
7077.713404	1.137674	0.145778	540.395386
7077.714295	1.620476	0.145778	1984.239502
7077.715162	1.612628	0.145778	3382.388184
7077.716120	1.568533	0.145778	4885.042480
7077.717066	1.523892	0.145778	6326.644043
7077.717978	1.080901	0.145778	7312.425781
7077.718838	0.125244	0.145778	7420.135742
7077.719811	0.085536	0.145778	7503.362305
7077.720764	0.085605	0.145778	7584.944336
7077.721654	0.085627	0.145778	7661.152832
7077.722563	0.085591	0.145778	7738.955078
7077.723517	0.085587	0.145778	7820.605469
7077.724436	0.085551	0.145778	7899.226562
7077.725300	0.085584	0.145778	7973.170898
7077.726209	0.085576	0.145778	8050.959473
7077.727153	0.085554	0.145778	8131.722656
7078.732287	1.138033	0.148123	548.532104
7078.733179	1.620663	0.148123	1994.163330
7078.734052	1.612291	0.148123	3401.693604
7078.734966	1.570085	0.148123	4836.751953
7078.735907	1.526019	0.148123	6272.736328
7078.736840	1.102207	0.148123	7301.095703
7078.737717	0.126866	0.148123	7412.357422
7078.738645	0.085474	0.148123	7491.676758
7078.739604	0.085573	0.148123	7573.740723
7078.740526	0.085573	0.148123	7652.638672
7078.741390	0.085573	0.148123	7726.573242
7078.742358	0.085587	0.148123	7809.421387
7078.743300	0.085573	0.148123	7890.030762
7078.744174	0.085602	0.148123	7964.846680
7078.745055	0.085591	0.148123	8040.251953
7078.746016	0.085602	0.148123	8122.515137
7079.788520	1.137653	0.143257	515.356628
7079.789455	1.621300	0.143257	2031.272217
7079.790328	1.611269	0.143257	3437.910645
7079.791278	1.567134	0.143257	4926.687500
7079.792232	1.522511	0.143257	6379.163086
7079.793168	1.004103	0.143257	7319.003418
7079.794042	0.112046	0.143257	7416.931641
7079.795005	0.085419	0.143257	7499.189941
7079.795919	0.085507	0.143257	7577.342773
7079.796811	0.085474	0.143257	7653.585449
7079.797914	0.085565	0.143257	7747.963867
7079.798818	0.085488	0.143257	7825.245117
7079.799730	0.085554	0.143257	7903.270508
7079.800590	0.085591	0.143257	7976.878418
7079.801597	0.085569	0.143257	8063.046387
7079.802506	0.085426	0.143257	8140.698730
7080.805843	1.117544	0.143341	492.836884
7080.806708	1.616913	0.143341	1891.466553
7080.807744	1.608651	0.143341	3558.029297
7080.808628	1.566896	0.143341	4943.165039
7080.809504	1.525851	0.143341	6279.810547
7080.810456	1.023182	0.143341	7253.879883
7080.811434	0.104681	0.143341	7356.258301
7080.812357	0.085514	0.143341	7435.187500
7080.813239	0.085594	0.143341	7510.681641
7080.814261	0.085598	0.143341	7598.163086
7080.815160	0.085598	0.143341	7675.115723
7080.816084	0.085554	0.143341	7754.167969
7080.816948	0.085536	0.143341	7828.070801
7080.817999	0.085455	0.143341	7917.884277
7080.818883	0.085547	0.143341	7993.507812
7080.819757	0.085587	0.143341	8068.311035
7081.865149	1.083897	0.149557	462.823822
7081.866013	1.614983	0.149557	1858.169067
7081.867062	1.608431	0.149557	3545.413574
7081.868027	1.563629	0.149557	5054.315430
7081.868904	1.522456	0.149557	6389.509277
7081.869804	0.994680	0.149557	7284.721680
7081.870895	0.097196	0.149557	7390.762695
7081.871778	0.085532	0.149557	7466.287598
7081.872636	0.085576	0.149557	7539.711914
7081.873657	0.085660	0.149557	7627.171387
7081.874622	0.085540	0.149557	7709.717285
7081.875495	0.085576	0.149557	7784.425293
7081.876352	0.085653	0.149557	7857.830078
7081.877457	0.085591	0.149557	7952.407715
7081.878366	0.085540	0.149557	8030.163086
7081.879241	0.085536	0.149557	8105.006836
7082.878914	1.098787	0.146370	470.280670
7082.879976	1.623358	0.146370	2194.287109
7082.880987	1.601100	0.146370	3812.999023
7082.881877	1.559114	0.146370	5200.610352
7082.882860	1.514246	0.146370	6689.113770
7082.883912	0.568967	0.146370	7287.667480
7082.884822	0.087649	0.146370	7367.428223
7082.885680	0.085591	0.146370	7440.865234
7082.886750	0.085682	0.146370	7532.545410
7082.887754	0.085521	0.146370	7618.408691
7082.888625	0.085635	0.146370	7692.996582
7082.889600	0.085719	0.146370	7776.572754
7082.890655	0.085624	0.146370	7866.905762
7082.891551	0.085584	0.146370	7943.588379
7082.892414	0.085605	0.146370	8017.465820
7082.893518	0.085573	0.146370	8111.937988
7083.940846	1.145610	0.148191	538.436829
7083.941725	1.620011	0.148191	1962.426514
7083.942688	1.609321	0.148191	3512.202881
7083.943757	1.559495	0.148191	5179.302734
7083.944687	1.516128	0.148191	6589.301758
7083.945558	0.879785	0.148191	7355.594727
7083.946636	0.090974	0.148191	7453.665039
7083.947630	0.085532	0.148191	7538.684082
7083.948525	0.085547	0.148191	7615.248535
7083.949499	0.085649	0.148191	7698.670898
7083.950556	0.085598	0.148191	7789.147949
7083.951457	0.085598	0.148191	7866.271973
7083.952319	0.085569	0.148191	7940.032227
7083.953405	0.085653	0.148191	8033.051270
7083.954395	0.085532	0.148191	8117.728027
7083.955273	0.085562	0.148191	8192.850586
7084.953539	1.092158	0.148155	466.351562
7084.954408	1.615730	0.148155	1870.420898
7084.955394	1.610999	0.148155	3458.865479
7084.956343	1.567229	0.148155	4946.166016
7084.957237	1.524822	0.148155	6309.356445
7084.958132	1.103119	0.148155	7296.647949
7084.959070	0.120264	0.148155	7409.455078
7084.960013	0.085543	0.148155	7490.122559
7084.960883	0.085573	0.148155	7564.570801
7084.961796	0.085521	0.148155	7642.651855
7084.962744	0.085646	0.148155	7723.844238
7084.963673	0.085543	0.148155	7803.313965
7084.964548	0.085613	0.148155	7878.225098
7084.965471	0.085558	0.148155	7957.194824
7084.966413	0.085518	0.148155	8037.752441
7084.967324	0.085584	0.148155	8115.719238
7086.015945	1.094784	0.150113	472.946686
7086.016828	1.617506	0.150113	1901.204590
7086.017737	1.613236	0.150113	3367.636230
7086.018678	1.568789	0.150113	4843.866699
7086.019636	1.524558	0.150113	6304.393555
7086.020532	1.129270	0.150113	7316.219727
7086.021464	0.127390	0.150113	7434.947266
7086.022409	0.085547	0.150113	7515.789062
7086.023330	0.085470	0.150113	7594.506836
7086.024190	0.085536	0.150113	7668.067871
7086.025104	0.085565	0.150113	7746.274414
7086.026061	0.085507	0.150113	7828.104004
7086.026976	0.085584	0.150113	7906.413086
7086.027850	0.085631	0.150113	7981.254883
7086.028825	0.085616	0.150113	8064.730957
7086.029753	0.085573	0.150113	8144.142090
7087.028699	1.129142	0.154334	517.146973
7087.029588	1.619458	0.154334	1956.845093
7087.030541	1.610248	0.154334	3491.411133
7087.031476	1.566335	0.154334	4955.934570
7087.032399	1.523485	0.154334	6362.111328
7087.033275	1.100251	0.154334	7325.931641
7087.034273	0.113177	0.154334	7438.882812
7087.035200	0.085455	0.154334	7518.100098
7087.036070	0.085514	0.154334	7592.497070
7087.036931	0.085551	0.154334	7666.156250
7087.037891	0.085518	0.154334	7748.252930
7087.038838	0.085543	0.154334	7829.262207
7087.039731	0.085536	0.154334	7905.645996
7087.040642	0.085558	0.154334	7983.589355
7087.041584	0.085521	0.154334	8064.150391
7087.042500	0.085529	0.154334	8142.494629
7088.092094	1.090291	0.152570	462.283203
7088.093006	1.615016	0.152570	1935.177612
7088.094001	1.608479	0.152570	3535.614258
7088.094928	1.565299	0.152570	4986.646484
7088.095814	1.523734	0.152570	6336.674805
7088.096904	0.837272	0.152570	7249.300781
7088.097806	0.094922	0.152570	7334.920410
7088.098682	0.085481	0.152570	7409.801758
7088.099538	0.085576	0.152570	7483.055176
7088.100581	0.085507	0.152570	7572.238770
7088.101459	0.085558	0.152570	7647.358398
7088.102376	0.085518	0.152570	7725.777832
7088.103235	0.085521	0.152570	7799.240723
7088.104205	0.085609	0.152570	7882.281738
7088.105125	0.085481	0.152570	7960.924316
7088.106001	0.085613	0.152570	8035.920898
7089.101248	1.094619	0.148872	470.686249
7089.102114	1.615470	0.148872	1869.683350
7089.103184	1.606681	0.148872	3588.832031
7089.104117	1.562915	0.148872	5047.031738
7089.105000	1.521969	0.148872	6390.930176
7089.105970	0.932249	0.148872	7295.211426
7089.106989	0.093860	0.148872	7390.854492
7089.107875	0.085455	0.148872	7466.567871
7089.108737	0.085631	0.148872	7540.381836
7089.109795	0.085605	0.148872	7630.952637
7089.110736	0.085565	0.148872	7711.469238
7089.111610	0.085569	0.148872	7786.256348
7089.112537	0.085704	0.148872	7865.704102
7089.113579	0.085569	0.148872	7954.866699
7089.114460	0.085602	0.148872	8030.281738
7089.115317	0.085616	0.148872	8103.655273
7090.167749	1.094539	0.148413	470.651581
7090.168710	1.615972	0.148413	2023.600342
7090.169771	1.603389	0.148413	3724.795898
7090.170698	1.559663	0.148413	5170.603516
7090.171560	1.518479	0.148413	6479.532227
7090.172612	0.724552	0.148413	7241.760742
7090.173625	0.088429	0.148413	7331.339355
7090.174511	0.085605	0.148413	7407.186035
7090.175491	0.085653	0.148413	7491.125977
7090.176555	0.085529	0.148413	7582.128418
7090.177464	0.085649	0.148413	7659.983887
7090.178325	0.085715	0.148413	7733.784668
7090.179402	0.085745	0.148413	7826.131836
7090.180386	0.085624	0.148413	7910.385742
7090.181277	0.085547	0.148413	7986.607910
7090.182259	0.085708	0.148413	8070.772949
7091.176386	1.095062	0.152353	473.066895
7091.177252	1.615620	0.152353	1872.193970
7091.178225	1.611482	0.152353	3440.166016
7091.179176	1.567416	0.152353	4930.778320
7091.180072	1.525020	0.152353	6297.195801
7091.180964	1.119877	0.152353	7296.125977
7091.181905	0.120084	0.152353	7409.125000
7091.182855	0.085529	0.152353	7490.376953
7091.183741	0.085616	0.152353	7566.232910
7091.184665	0.085565	0.152353	7645.294922
7091.185622	0.085554	0.152353	7727.170410
7091.186531	0.085602	0.152353	7804.982422
7091.187410	0.085554	0.152353	7880.184570
7091.188341	0.085518	0.152353	7959.801270
7091.189262	0.085536	0.152353	8038.579590
7091.190185	0.085551	0.152353	8117.542969
7092.242892	1.104122	0.153448	482.501434
7092.243754	1.615961	0.153448	1875.459595
7092.244728	1.610424	0.153448	3444.012207
7092.245678	1.566453	0.153448	4932.142090
7092.246573	1.524873	0.153448	6296.903320
7092.247493	1.095927	0.153448	7305.155762
7092.248446	0.116660	0.153448	7416.333008
7092.249374	0.085444	0.153448	7495.625488
7092.250249	0.085609	0.153448	7570.533691
7092.251231	0.085540	0.153448	7654.533691
7092.252166	0.085543	0.153448	7734.516602
7092.253087	0.085529	0.153448	7813.288574
7092.253949	0.085540	0.153448	7887.023437
7092.254922	0.085551	0.153448	7970.264160
7092.255851	0.085488	0.153448	8049.682617
7092.256743	0.085576	0.153448	8126.016602
7093.250550	1.124560	0.148405	533.041687
7093.251473	1.621923	0.148405	2030.076172
7093.252369	1.610010	0.148405	3472.645020
7093.253297	1.567881	0.148405	4927.638672
7093.254233	1.522562	0.148405	6352.756836
7093.255183	0.991674	0.148405	7294.846680
7093.256074	0.108512	0.148405	7391.530762
7093.256990	0.085481	0.148405	7469.831543
7093.257946	0.085591	0.148405	7551.656250
7093.258859	0.085591	0.148405	7629.800781
7093.259720	0.085584	0.148405	7703.488281
7093.260687	0.085562	0.148405	7786.226074
7093.261585	0.085510	0.148405	7863.014160
7093.262510	0.085532	0.148405	7942.131348
7093.263380	0.085507	0.148405	8016.521973
7093.264338	0.085521	0.148405	8098.451172
7094.318523	1.089580	0.159285	463.071533
7094.319391	1.615258	0.159285	1865.115112
7094.320406	1.609362	0.159285	3498.617187
7094.321340	1.566160	0.159285	4961.410156
7094.322220	1.525005	0.159285	6303.414551
7094.323159	1.062447	0.159285	7301.052734
7094.324120	0.113705	0.159285	7410.323242
7094.325020	0.085459	0.159285	7487.236328
7094.325898	0.085584	0.159285	7562.378418
7094.326832	0.085576	0.159285	7642.306641
7094.327761	0.085576	0.159285	7721.807129
7094.328679	0.085616	0.159285	7800.402832
7094.329541	0.085594	0.159285	7874.185059
7094.330507	0.085602	0.159285	7956.876465
7094.331451	0.085587	0.159285	8037.670898
7094.332336	0.085620	0.159285	8113.444824
7095.327186	1.107004	0.148235	480.439850
7095.328056	1.616455	0.148235	1886.755737
7095.328920	1.614587	0.148235	3281.759277
7095.329913	1.569489	0.148235	4840.261230
7095.330801	1.527264	0.148235	6196.472168
7095.331683	1.230568	0.148235	7281.833008
7095.332688	0.141471	0.148235	7424.011230
7095.333610	0.085525	0.148235	7502.865234
7095.334526	0.085631	0.148235	7581.303223
7095.335391	0.085584	0.148235	7655.333008
7095.336434	0.085558	0.148235	7744.569824
7095.337325	0.085463	0.148235	7820.716797
7095.338245	0.085507	0.148235	7899.382812
7095.339108	0.085558	0.148235	7973.219238
7095.340098	0.085554	0.148235	8057.917969
7095.341023	0.085543	0.148235	8137.045410
7096.391114	1.109092	0.153940	479.127625
7096.391984	1.616323	0.153940	1885.328857
7096.393021	1.607703	0.153940	3552.516602
7096.393919	1.565687	0.153940	4958.503906
7096.394801	1.524708	0.153940	6303.296875
7096.395782	0.988396	0.153940	7272.913086
7096.396739	0.102645	0.153940	7371.144531
7096.397666	0.085565	0.153940	7450.463379
7096.398532	0.085620	0.153940	7524.610352
7096.399562	0.085627	0.153940	7612.806641
7096.400434	0.085646	0.153940	7687.489746
7096.401299	0.085551	0.153940	7761.490723
7096.402240	0.085613	0.153940	7842.052246
7096.403216	0.085584	0.153940	7925.581543
7096.404124	0.085485	0.153940	8003.201660
7096.404999	0.085605	0.153940	8078.106445
7097.401385	1.155447	0.152159	614.697693
7097.402446	1.625797	0.152159	2339.668457
7097.403361	1.600745	0.152159	3804.349609
7097.404227	1.558638	0.152159	5154.129883
7097.405306	1.510067	0.152159	6783.492187
7097.406301	0.500596	0.152159	7281.584961
7097.407169	0.087762	0.152159	7357.762695
7097.408142	0.085624	0.152159	7441.074707
7097.409189	0.085638	0.152159	7530.738281
7097.410103	0.085598	0.152159	7608.975098
7097.410968	0.085602	0.152159	7683.020508
7097.412046	0.085624	0.152159	7775.322754
7097.413015	0.085587	0.152159	7858.256836
7097.413897	0.085609	0.152159	7933.764160
7097.414886	0.085723	0.152159	8018.543945
7097.415934	0.085679	0.152159	8108.335449
7098.467257	1.085149	0.159201	456.847687
7098.468270	1.620879	0.159201	2098.797852
7098.469314	1.602169	0.159201	3771.462402
7098.470207	1.559641	0.159201	5164.221680
7098.471148	1.515751	0.159201	6590.542969
7098.472228	0.599143	0.159201	7237.617676
7098.473173	0.087550	0.159201	7320.352539
7098.474034	0.085573	0.159201	7394.030273
7098.475084	0.085682	0.159201	7483.996582
7098.476085	0.085543	0.159201	7569.625488
7098.476971	0.085532	0.159201	7645.407227
7098.477931	0.085653	0.159201	7727.634277
7098.478958	0.085554	0.159201	7815.498535
7098.479883	0.085631	0.159201	7894.707520
7098.480741	0.085642	0.159201	7968.188477
7098.481814	0.085675	0.159201	8060.117676
7099.478971	1.081406	0.158927	454.190613
7099.479855	1.614463	0.158927	1881.375732
7099.480814	1.611013	0.158927	3426.337402
7099.481736	1.568617	0.158927	4872.602539
7099.482611	1.527667	0.158927	6209.311523
7099.483546	1.140872	0.158927	7276.026367
7099.484495	0.127419	0.158927	7396.947266
7099.485410	0.085466	0.158927	7475.148926
7099.486289	0.085562	0.158927	7550.357422
7099.487237	0.085613	0.158927	7631.518555
7099.488168	0.085562	0.158927	7711.176270
7099.489079	0.085562	0.158927	7789.123047
7099.489937	0.085573	0.158927	7862.544434
7099.490900	0.085554	0.158927	7944.933105
7099.491846	0.085598	0.158927	8025.909180
7099.492736	0.085536	0.158927	8102.036133
7100.541389	1.116376	0.160421	493.438049
7100.542260	1.616895	0.160421	1901.753174
7100.543255	1.609219	0.160421	3502.925781
7100.544185	1.566079	0.160421	4959.379395
7100.545069	1.524866	0.160421	6307.360840
7100.546004	1.063700	0.160421	7301.920410
7100.546960	0.113796	0.160421	7410.709961
7100.547885	0.085488	0.160421	7489.786621
7100.548744	0.085602	0.160421	7563.318359
7100.549682	0.085510	0.160421	7643.526855
7100.550601	0.085591	0.160421	7722.184570
7100.551517	0.085481	0.160421	7800.485352
7100.552379	0.085536	0.160421	7874.217285
7100.553338	0.085496	0.160421	7956.207520
7100.554282	0.085565	0.160421	8036.980957
7100.555168	0.085514	0.160421	8112.746094
7101.555757	1.199956	0.163656	647.976257
7101.556634	1.623223	0.163656	2071.542480
7101.557551	1.608281	0.163656	3546.336426
7101.558434	1.566277	0.163656	4929.358887
7101.559420	1.521442	0.163656	6429.500000
7101.560351	0.975436	0.163656	7337.630859
7101.561225	0.107816	0.163656	7431.862305
7101.562260	0.085587	0.163656	7520.444824
7101.563163	0.085543	0.163656	7597.690430
7101.564078	0.085565	0.163656	7675.982422
7101.564938	0.085565	0.163656	7749.568359
7101.565902	0.085525	0.163656	7832.014160
7101.566850	0.085547	0.163656	7913.112793
7101.567719	0.085587	0.163656	7987.488281
7101.568698	0.085554	0.163656	8071.245605
7101.569609	0.085620	0.163656	8149.245605
7102.615071	1.179071	0.163152	603.684387
7102.616007	1.624779	0.163152	2124.477539
7102.616883	1.608384	0.163152	3533.421875
7102.617823	1.564252	0.163152	5003.818359
7102.618883	1.515114	0.163152	6609.838867
7102.619786	0.818701	0.163152	7349.125977
7102.620649	0.096947	0.163152	7432.791016
7102.621694	0.085499	0.163152	7522.137695
7102.622654	0.085510	0.163152	7604.227539
7102.623530	0.085463	0.163152	7679.092773
7102.624442	0.085627	0.163152	7757.185059
7102.625500	0.085518	0.163152	7847.662598
7102.626382	0.085452	0.163152	7923.030762
7102.627242	0.085521	0.163152	7996.579102
7102.628285	0.085598	0.163152	8085.857910
7102.629247	0.085587	0.163152	8168.192871
7103.630274	1.105034	0.160909	475.164673
7103.631348	1.623636	0.160909	2218.950195
7103.632345	1.600675	0.160909	3814.823242
7103.633228	1.559066	0.160909	5191.478516
7103.634226	1.513422	0.160909	6701.873047
7103.635286	0.548914	0.160909	7283.721680
7103.636174	0.087751	0.160909	7361.645020
7103.637033	0.085529	0.160909	7435.114258
7103.638110	0.085605	0.160909	7527.311523
7103.639067	0.085547	0.160909	7609.179687
7103.639935	0.085540	0.160909	7683.428223
7103.640927	0.085591	0.160909	7768.334473
7103.641989	0.085558	0.160909	7859.196777
7103.642883	0.085565	0.160909	7935.691895
7103.643745	0.085562	0.160909	8009.445801
7103.644851	0.085620	0.160909	8104.141602
7104.689646	1.108872	0.160010	527.823120
7104.690573	1.621769	0.160010	2031.202881
7104.691504	1.608138	0.160010	3528.379883
7104.692383	1.566987	0.160010	4905.761719
7104.693328	1.522771	0.160010	6344.780273
7104.694272	0.986213	0.160010	7275.765625
7104.695194	0.106322	0.160010	7373.794434
7104.696065	0.085426	0.160010	7448.200684
7104.697035	0.085569	0.160010	7531.202637
7104.697958	0.085485	0.160010	7610.104980
7104.698832	0.085551	0.160010	7684.875977
7104.699782	0.085584	0.160010	7766.180176
7104.700711	0.085565	0.160010	7845.670410
7104.701637	0.085569	0.160010	7924.907227
7104.702497	0.085547	0.160010	7998.477539
7104.703476	0.085503	0.160010	8082.185059
7105.704896	1.094407	0.158121	467.311676
7105.705813	1.617070	0.158121	1950.165161
7105.706776	1.609248	0.158121	3499.871094
7105.707704	1.566086	0.158121	4953.199219
7105.708570	1.525111	0.158121	6273.945312
7105.709554	1.039794	0.158121	7297.102539
7105.710480	0.111039	0.158121	7399.924316
7105.711344	0.085356	0.158121	7473.672363
7105.712255	0.085510	0.158121	7551.572266
7105.713208	0.085492	0.158121	7633.045898
7105.714135	0.085554	0.158121	7712.354492
7105.715015	0.085466	0.158121	7787.564941
7105.715983	0.085510	0.158121	7870.338867
7105.716934	0.085488	0.158121	7951.638184
7105.717819	0.085529	0.158121	8027.331055
7105.718679	0.085514	0.158121	8100.873047
7106.764725	1.100592	0.166391	464.449829
7106.765707	1.621084	0.166391	2056.354248
7106.766634	1.608805	0.166391	3547.716309
7106.767506	1.567416	0.166391	4914.502930
7106.768480	1.522819	0.166391	6397.728516
7106.769417	0.993021	0.166391	7328.189453
7106.770340	0.105743	0.166391	7425.790527
7106.771215	0.085419	0.166391	7500.531738
7106.772140	0.085503	0.166391	7579.622070
7106.773093	0.085444	0.166391	7661.050293
7106.774021	0.085536	0.166391	7740.427734
7106.774886	0.085536	0.166391	7814.416504
7106.775855	0.085536	0.166391	7897.300781
7106.776783	0.085514	0.166391	7976.657715
7106.777644	0.085536	0.166391	8050.304199
7106.778620	0.085536	0.166391	8133.787109
7107.783105	1.090822	0.165223	470.144135
7107.783979	1.616353	0.165223	1882.836304
7107.784918	1.613060	0.165223	3397.500000
7107.785847	1.568580	0.165223	4854.710937
7107.786776	1.525807	0.165223	6272.185547
7107.787644	1.108074	0.165223	7233.993652
7107.788682	0.111951	0.165223	7350.198242
7107.789604	0.085532	0.165223	7429.059082
7107.790505	0.085587	0.165223	7506.173340
7107.791379	0.085646	0.165223	7581.027832
7107.792364	0.085580	0.165223	7665.323730
7107.793286	0.085664	0.165223	7744.306152
7107.794159	0.085635	0.165223	7819.065430
7107.795159	0.085576	0.165223	7904.641602
7107.796063	0.085569	0.165223	7981.995605
7107.796982	0.085653	0.165223	8060.710937
7108.838375	1.138337	0.163712	531.603577
7108.839254	1.619220	0.163712	1954.897949
7108.840118	1.612518	0.163712	3348.113770
7108.841202	1.563706	0.163712	5043.170898
7108.842136	1.519849	0.163712	6462.709473
7108.843019	1.002693	0.163712	7348.087402
7108.843980	0.112434	0.163712	7456.136719
7108.844997	0.085540	0.163712	7543.130371
7108.845886	0.085558	0.163712	7619.191406
7108.846741	0.085605	0.163712	7692.384277
7108.847777	0.085638	0.163712	7781.105469
7108.848727	0.085587	0.163712	7862.413086
7108.849603	0.085562	0.163712	7937.364746
7108.850527	0.085624	0.163712	8016.480957
7108.851576	0.085635	0.163712	8106.312012
7108.852464	0.085635	0.163712	8182.355469
7109.860404	1.214092	0.181332	658.037720
7109.861455	1.626698	0.181332	2367.697266
7109.862348	1.601228	0.181332	3797.593994
7109.863266	1.558081	0.181332	5227.912109
7109.864327	1.508884	0.181332	6828.838379
7109.865283	0.530995	0.181332	7336.469238
7109.866143	0.088568	0.181332	7412.637695
7109.867215	0.085693	0.181332	7504.500977
7109.868221	0.085638	0.181332	7590.653320
7109.869096	0.085576	0.181332	7665.532227
7109.870056	0.085657	0.181332	7747.762695
7109.871108	0.085697	0.181332	7837.916016
7109.872029	0.085551	0.181332	7916.708008
7109.872886	0.085466	0.181332	7989.952637
7109.873908	0.085660	0.181332	8077.497559
7109.874922	0.085573	0.181332	8164.268066
7110.914003	1.110132	0.173408	485.127625
7110.914881	1.617612	0.173408	1905.391113
7110.915803	1.612061	0.173408	3391.710937
7110.916785	1.567317	0.173408	4930.816406
7110.917709	1.523643	0.173408	6338.662109
7110.918596	1.109799	0.173408	7323.053223
7110.919586	0.107977	0.173408	7429.950684
7110.920527	0.085573	0.173408	7510.474609
7110.921455	0.085638	0.173408	7589.947266
7110.922316	0.085543	0.173408	7663.600098
7110.923288	0.085551	0.173408	7746.755371
7110.924215	0.085605	0.173408	7826.111816
7110.925106	0.085562	0.173408	7902.347168
7110.926014	0.085543	0.173408	7980.020508
7110.926957	0.085584	0.173408	8060.725586
7110.927886	0.085569	0.173408	8140.219238
7111.933893	1.097670	0.169876	473.095642
7111.934759	1.615422	0.169876	1872.051514
7111.935757	1.609933	0.169876	3478.764404
7111.936679	1.566910	0.169876	4923.456055
7111.937562	1.525488	0.169876	6270.461914
7111.938476	1.128787	0.169876	7302.172852
7111.939443	0.121630	0.169876	7419.788574
7111.940369	0.085565	0.169876	7499.021973
7111.941231	0.085609	0.169876	7572.816895
7111.942179	0.085547	0.169876	7653.915527
7111.943113	0.085510	0.169876	7733.782227
7111.944030	0.085609	0.169876	7812.285645
7111.944903	0.085521	0.169876	7886.945801
7111.945874	0.085532	0.169876	7969.997559
7111.946817	0.085605	0.169876	8050.723633
7111.947707	0.085547	0.169876	8126.860352
7112.988609	1.106990	0.166895	471.577637
7112.989539	1.619535	0.166895	1977.745117
7112.990402	1.611310	0.166895	3368.305420
7112.991453	1.564395	0.166895	5012.484375
7112.992346	1.522156	0.166895	6371.769531
7112.993254	1.042511	0.166895	7318.369629
7112.994131	0.117517	0.166895	7421.432129
7112.995120	0.085543	0.166895	7506.034180
7112.996034	0.085525	0.166895	7584.204102
7112.996916	0.085591	0.166895	7659.695312
7112.997928	0.085536	0.166895	7746.257812
7112.998828	0.085605	0.166895	7823.302734
7112.999746	0.085551	0.166895	7901.837891
7113.000611	0.085627	0.166895	7975.905762
7113.001610	0.085540	0.166895	8061.359863
7113.002531	0.085635	0.166895	8140.229492
7114.007587	1.180781	0.165360	608.102356
7114.008482	1.622941	0.165360	2060.634277
7114.009412	1.607882	0.165360	3555.964844
7114.010275	1.565288	0.165360	4906.808594
7114.011332	1.518230	0.165360	6511.577637
7114.012221	0.927535	0.165360	7336.156738
7114.013095	0.104271	0.165360	7427.290039
7114.014091	0.085642	0.165360	7512.589355
7114.015030	0.085668	0.165360	7593.031250
7114.015956	0.085573	0.165360	7672.271484
7114.016818	0.085598	0.165360	7746.057129
7114.017854	0.085554	0.165360	7834.691406
7114.018741	0.085565	0.165360	7910.587891
7114.019614	0.085620	0.165360	7985.334473
7114.020591	0.085675	0.165360	8069.039062
7114.021548	0.085602	0.165360	8150.959961
7115.063831	1.173124	0.169368	588.908081
7115.064783	1.624270	0.169368	2135.213379
7115.065658	1.608146	0.169368	3542.340820
7115.066599	1.564233	0.169368	5014.284180
7115.067650	1.515908	0.169368	6607.503906
7115.068543	0.851232	0.169368	7367.653809
7115.069400	0.098789	0.169368	7452.315918
7115.070425	0.085584	0.169368	7540.039062
7115.071376	0.085631	0.169368	7621.474121
7115.072249	0.085540	0.169368	7696.150391
7115.073151	0.085671	0.169368	7773.425781
7115.074235	0.085609	0.169368	7866.226074
7115.075130	0.085569	0.169368	7942.810059
7115.075991	0.085562	0.169368	8016.478516
7115.077026	0.085646	0.169368	8105.122070
7115.078001	0.085598	0.169368	8188.580078
7116.081624	1.120983	0.168933	498.837341
7116.082488	1.616364	0.168933	1895.375488
7116.083586	1.604843	0.168933	3657.492676
7116.084549	1.559905	0.168933	5159.681152
7116.085409	1.519252	0.168933	6466.237793
7116.086467	0.728558	0.168933	7237.052734
7116.087529	0.088264	0.168933	7330.789062
7116.088401	0.085573	0.168933	7405.408203
7116.089321	0.085668	0.168933	7484.222656
7116.090387	0.085562	0.168933	7575.431152
7116.091328	0.085635	0.168933	7656.013672
7116.092198	0.085569	0.168933	7730.458496
7116.093236	0.085719	0.168933	7819.434570
7116.094250	0.085609	0.168933	7906.242187
7116.095141	0.085605	0.168933	7982.516602
7116.096091	0.085576	0.168933	8063.813965
7117.139399	1.093791	0.169553	473.611725
7117.140284	1.616217	0.169553	1903.963745
7117.141164	1.613452	0.169553	3323.801514
7117.142081	1.572407	0.169553	4765.699219
7117.143017	1.527660	0.169553	6195.588867
7117.143956	1.150503	0.169553	7275.911133
7117.144831	0.140526	0.169553	7398.871582
7117.145832	0.085525	0.169553	7484.481934
7117.146893	0.085624	0.169553	7575.328613
7117.147835	0.085558	0.169553	7655.924316
7117.148701	0.085507	0.169553	7729.973145
7117.149710	0.085562	0.169553	7816.304687
7117.150750	0.085605	0.169553	7905.334473
7117.151643	0.085587	0.169553	7981.763672
7117.152565	0.085605	0.169553	8060.691895
7117.153621	0.085580	0.169553	8151.063965
7118.156258	1.107861	0.170891	508.508392
7118.157146	1.619443	0.170891	1946.574097
7118.158064	1.611856	0.170891	3426.257324
7118.159002	1.566570	0.170891	4895.699707
7118.159949	1.523093	0.170891	6338.068848
7118.160836	1.109169	0.170891	7321.901367
7118.161765	0.125643	0.170891	7438.624023
7118.162698	0.085481	0.170891	7518.377930
7118.163586	0.085613	0.170891	7594.401855
7118.164494	0.085598	0.170891	7672.125000
7118.165438	0.085562	0.170891	7752.895020
7118.166359	0.085547	0.170891	7831.683594
7118.167234	0.085605	0.170891	7906.588379
7118.168174	0.085576	0.170891	7987.029785
7118.169104	0.085536	0.170891	8066.578125
7118.170030	0.085499	0.170891	8145.750488
7119.214575	1.142842	0.170444	545.135559
7119.215507	1.621941	0.170444	2056.784424
7119.216433	1.608036	0.170444	3545.825684
7119.217302	1.566541	0.170444	4907.149414
7119.218288	1.521823	0.170444	6407.666504
7119.219244	0.962563	0.170444	7327.876953
7119.220129	0.106333	0.170444	7421.981445
7119.221015	0.085576	0.170444	7497.801758
7119.221941	0.085529	0.170444	7577.000977
7119.222885	0.085591	0.170444	7657.798828
7119.223776	0.085587	0.170444	7734.057129
7119.224692	0.085569	0.170444	7812.437988
7119.225648	0.085514	0.170444	7894.189453
7119.226538	0.085543	0.170444	7970.322754
7119.227448	0.085573	0.170444	8048.193848
7119.228386	0.085554	0.170444	8128.443848
7120.230422	1.142893	0.170649	589.732849
7120.231326	1.622677	0.170649	2056.632812
7120.232247	1.607904	0.170649	3537.512207
7120.233120	1.566746	0.170649	4905.281250
7120.234108	1.520413	0.170649	6407.448730
7120.235042	0.949944	0.170649	7294.696289
7120.235962	0.103495	0.170649	7389.911621
7120.236820	0.085466	0.170649	7463.241699
7120.237775	0.085649	0.170649	7545.037109
7120.238719	0.085598	0.170649	7625.841797
7120.239613	0.085562	0.170649	7702.333984
7120.240529	0.085580	0.170649	7780.725098
7120.241483	0.085551	0.170649	7862.340332
7120.242392	0.085573	0.170649	7940.125977
7120.243271	0.085602	0.170649	8015.370117
7120.244206	0.085580	0.170649	8095.387207
7121.291239	1.107041	0.179673	515.881104
7121.292122	1.618986	0.179673	1945.445312
7121.292994	1.612771	0.179673	3351.781738
7121.293934	1.568426	0.179673	4826.102539
7121.294896	1.524272	0.179673	6292.452637
7121.295795	1.127139	0.179673	7305.750488
7121.296770	0.127500	0.179673	7430.062988
7121.297685	0.085554	0.179673	7508.345215
7121.298596	0.085584	0.179673	7586.312012
7121.299470	0.085547	0.179673	7661.080078
7121.300425	0.085602	0.179673	7742.829590
7121.301363	0.085569	0.179673	7823.093262
7121.302266	0.085587	0.179673	7900.378418
7121.303141	0.085558	0.179673	7975.241699
7121.304081	0.085580	0.179673	8055.686523
7121.305007	0.085605	0.179673	8134.957031
7122.304962	1.094905	0.169727	468.619232
7122.305827	1.615016	0.169727	1865.608032
7122.306871	1.608080	0.169727	3544.443359
7122.307772	1.565603	0.169727	4955.051758
7122.308651	1.524393	0.169727	6294.993652
7122.309583	1.042240	0.169727	7266.361328
7122.310597	0.102565	0.169727	7370.361816
7122.311527	0.085474	0.169727	7449.852051
7122.312387	0.085573	0.169727	7523.444336
7122.313465	0.085598	0.169727	7615.719238
7122.314345	0.085525	0.169727	7690.980957
7122.315212	0.085562	0.169727	7765.162598
7122.316070	0.085580	0.169727	7838.590332
7122.317111	0.085536	0.169727	7927.633301
7122.318000	0.085499	0.169727	8003.642090
7122.318877	0.085543	0.169727	8078.663574
7123.367367	1.103386	0.183632	481.076416
7123.368248	1.616697	0.183632	1905.386230
7123.369224	1.609962	0.183632	3476.709473
7123.370250	1.561846	0.183632	5079.163086
7123.371147	1.520061	0.183632	6442.657715
7123.372021	1.010376	0.183632	7325.726562
7123.373100	0.096028	0.183632	7429.340820
7123.374031	0.085448	0.183632	7508.893066
7123.374903	0.085635	0.183632	7583.566406
7123.375861	0.085660	0.183632	7665.628906
7123.376876	0.085664	0.183632	7752.578125
7123.377758	0.085540	0.183632	7828.023926
7123.378614	0.085562	0.183632	7901.264648
7123.379667	0.085668	0.183632	7991.472656
7123.380601	0.085536	0.183632	8071.363281
7123.381465	0.085598	0.183632	8145.320312
7124.379150	1.164276	0.169247	582.138062
7124.380160	1.625746	0.169247	2224.141357
7124.381055	1.604593	0.169247	3660.252441
7124.382020	1.559572	0.169247	5165.239258
7124.383073	1.510529	0.169247	6755.825684
7124.384001	0.625294	0.169247	7336.098633
7124.384862	0.090304	0.169247	7413.850586
7124.385935	0.085627	0.169247	7505.729004
7124.386921	0.085543	0.169247	7590.074707
7124.387802	0.085514	0.169247	7665.412598
7124.388794	0.085613	0.169247	7750.340332
7124.389824	0.085616	0.169247	7838.525391
7124.390724	0.085529	0.169247	7915.500977
7124.391583	0.085609	0.169247	7989.039062
7124.392670	0.085686	0.169247	8082.179687
7124.393668	0.085591	0.169247	8167.599121
7125.441492	1.132251	0.175701	495.925934
7125.442422	1.620813	0.175701	2003.281982
7125.443302	1.611368	0.175701	3421.286133
7125.444220	1.568632	0.175701	4861.290039
7125.445191	1.523434	0.175701	6340.544434
7125.446124	1.056226	0.175701	7326.002930
7125.446984	0.121615	0.175701	7430.591797
7125.447952	0.085474	0.175701	7513.330078
7125.448910	0.085554	0.175701	7595.291016
7125.449796	0.085565	0.175701	7671.101562
7125.450673	0.085543	0.175701	7746.123047
7125.451624	0.085616	0.175701	7827.544434
7125.452566	0.085551	0.175701	7908.132812
7125.453455	0.085649	0.175701	7984.275391
7125.454363	0.085624	0.175701	8062.021973
7125.455329	0.085485	0.175701	8144.600098
7126.453195	1.098944	0.172639	484.634338
7126.454156	1.621963	0.172639	2043.340576
7126.455089	1.607816	0.172639	3543.433105
7126.455973	1.566636	0.172639	4928.338867
7126.456895	1.523306	0.172639	6332.826660
7126.457863	1.002953	0.172639	7303.685059
7126.458783	0.108398	0.172639	7403.411621
7126.459647	0.085518	0.172639	7477.298828
7126.460596	0.085521	0.172639	7558.458496
7126.461516	0.085536	0.172639	7637.151367
7126.462437	0.085573	0.172639	7715.963867
7126.463313	0.085536	0.172639	7790.893555
7126.464282	0.085503	0.172639	7873.746094
7126.465230	0.085536	0.172639	7954.833984
7126.466118	0.085554	0.172639	8030.806152
7126.467017	0.085562	0.172639	8107.726074
7127.517637	1.085658	0.180269	469.004242
7127.518506	1.615565	0.180269	1872.930420
7127.519407	1.612229	0.180269	3325.548828
7127.520395	1.567500	0.180269	4874.238770
7127.521325	1.524379	0.180269	6291.911133
7127.522219	1.139000	0.180269	7310.177246
7127.523153	0.132382	0.180269	7433.821777
7127.524091	0.085477	0.180269	7513.999512
7127.525010	0.085587	0.180269	7592.654297
7127.525874	0.085580	0.180269	7666.595215
7127.526794	0.085562	0.180269	7745.312012
7127.527736	0.085573	0.180269	7825.921387
7127.528657	0.085609	0.180269	7904.767578
7127.529536	0.085587	0.180269	7979.998535
7127.530494	0.085521	0.180269	8061.927734
7127.531414	0.085605	0.180269	8140.684570
7128.527836	1.122180	0.172035	506.103271
7128.528700	1.616964	0.172035	1903.160278
7128.529755	1.606783	0.172035	3598.316895
7128.530639	1.564578	0.172035	4981.403320
7128.531519	1.523602	0.172035	6322.173340
7128.532500	0.966789	0.172035	7270.593750
7128.533449	0.100679	0.172035	7366.137695
7128.534367	0.085551	0.172035	7444.672852
7128.535232	0.085613	0.172035	7518.728027
7128.536253	0.085675	0.172035	7606.202148
7128.537144	0.085547	0.172035	7682.424316
7128.538018	0.085756	0.172035	7757.374512
7128.538903	0.085697	0.172035	7833.216309
7128.539928	0.085598	0.172035	7920.954590
7128.540811	0.085521	0.172035	7996.469727
7128.541682	0.085638	0.172035	8071.061035
7129.592343	1.172776	0.176917	591.079041
7129.593291	1.624058	0.176917	2130.685791
7129.594165	1.608116	0.176917	3536.179687
7129.595095	1.564252	0.176917	4990.933594
7129.596169	1.515520	0.176917	6618.602051
7129.597052	0.839000	0.176917	7359.439453
7129.597919	0.097939	0.176917	7444.353027
7129.598954	0.085609	0.176917	7532.958496
7129.599919	0.085499	0.176917	7615.465332
7129.600793	0.085492	0.176917	7690.185059
7129.601682	0.085532	0.176917	7766.223145
7129.602776	0.085569	0.176917	7859.835449
7129.603668	0.085492	0.176917	7936.094238
7129.604530	0.085562	0.176917	8009.848145
7129.605579	0.085631	0.176917	8099.675293
7129.606555	0.085503	0.176917	8183.125977
7130.602979	1.138546	0.177247	522.592651
7130.603852	1.618348	0.177247	1935.410767
7130.604834	1.608135	0.177247	3514.599121
7130.605901	1.558967	0.177247	5178.017090
7130.606812	1.516318	0.177247	6559.382812
7130.607688	0.874219	0.177247	7325.198242
7130.608793	0.090524	0.177247	7425.227051
7130.609765	0.085540	0.177247	7508.371582
7130.610627	0.085565	0.177247	7582.128906
7130.611671	0.085653	0.177247	7671.550781
7130.612716	0.085635	0.177247	7761.039062
7130.613604	0.085649	0.177247	7837.095703
7130.614517	0.085653	0.177247	7915.296875
7130.615589	0.085660	0.177247	8007.125000
7130.616543	0.085569	0.177247	8088.757812
7130.617401	0.085529	0.177247	8162.141113
7131.667992	1.153608	0.187048	599.876343
7131.669050	1.625424	0.187048	2319.574463
7131.669972	1.600474	0.187048	3795.210937
7131.670843	1.557913	0.187048	5152.152832
7131.671956	1.507716	0.187048	6830.240723
7131.672930	0.462279	0.187048	7280.500488
7131.673807	0.087513	0.187048	7357.250000
7131.674811	0.085671	0.187048	7443.264160
7131.675860	0.085638	0.187048	7533.098633
7131.676752	0.085594	0.187048	7609.448730
7131.677622	0.085554	0.187048	7683.880859
7131.678710	0.085591	0.187048	7777.003906
7131.679668	0.085551	0.187048	7858.961426
7131.680525	0.085594	0.187048	7932.315918
7131.681603	0.085660	0.187048	8024.657715
7132.678607	1.102980	0.179008	477.590240
7132.679473	1.615635	0.179008	1876.729858
7132.680427	1.611229	0.179008	3413.842773
7132.681369	1.567211	0.179008	4890.155273
7132.682275	1.524514	0.179008	6271.365234
7132.683156	1.121543	0.179008	7259.444824
7132.684124	0.123171	0.179008	7378.674805
7132.685066	0.085441	0.179008	7459.160156
7132.685956	0.085554	0.179008	7535.303223
7132.686873	0.085514	0.179008	7613.719727
7132.687814	0.085521	0.179008	7694.195312
7132.688746	0.085569	0.179008	7773.945312
7132.689626	0.085598	0.179008	7849.271484
7132.690556	0.085543	0.179008	7928.826660
7132.691507	0.085536	0.179008	8010.171387
7132.692429	0.085525	0.179008	8089.025391
7133.742521	1.082831	0.183584	458.037415
7133.743443	1.618433	0.183584	1950.232178
7133.744409	1.608248	0.183584	3503.800049
7133.745334	1.565555	0.183584	4951.938965
7133.746205	1.524207	0.183584	6279.522949
7133.747181	1.031657	0.183584	7286.419922
7133.748135	0.107373	0.183584	7388.854004
7133.749023	0.085503	0.183584	7464.780762
7133.749942	0.085605	0.183584	7543.452148
7133.750897	0.085605	0.183584	7625.205566
7133.751821	0.085576	0.183584	7704.277832
7133.752687	0.085605	0.183584	7778.412109
7133.753622	0.085562	0.183584	7858.412109
7133.754572	0.085668	0.183584	7939.796387
7133.755491	0.085660	0.183584	8018.518066
7133.756366	0.085573	0.183584	8093.394043
7134.754251	1.107012	0.181066	480.443054
7134.755135	1.617239	0.181066	1910.082031
7134.756047	1.612159	0.181066	3380.371582
7134.757011	1.568101	0.181066	4892.020508
7134.757934	1.524606	0.181066	6299.231445
7134.758802	1.160647	0.181066	7306.672852
7134.759756	0.126610	0.181066	7427.458984
7134.760699	0.085477	0.181066	7508.063965
7134.761627	0.085532	0.181066	7587.437988
7134.762485	0.085594	0.181066	7660.877930
7134.763436	0.085624	0.181066	7742.306152
7134.764381	0.085573	0.181066	7823.172363
7134.765274	0.085569	0.181066	7899.585449
7134.766189	0.085554	0.181066	7977.867676
7134.767136	0.085591	0.181066	8058.922363
7134.768031	0.085609	0.181066	8135.542480
7135.817188	1.143523	0.188499	528.307556
7135.818075	1.618799	0.188499	1964.182129
7135.819026	1.609442	0.188499	3494.761719
7135.819958	1.566064	0.188499	4954.333984
7135.820884	1.523309	0.188499	6364.918457
7135.821754	1.108466	0.188499	7329.283691
7135.822697	0.119568	0.188499	7442.036133
7135.823628	0.085466	0.188499	7521.605469
7135.824539	0.085540	0.188499	7599.532227
7135.825397	0.085514	0.188499	7672.903320
7135.826367	0.085624	0.188499	7755.958496
7135.827298	0.085587	0.188499	7835.640137
7135.828159	0.085679	0.188499	7909.409668
7135.829180	0.085616	0.188499	7996.824219
7135.830066	0.085580	0.188499	8072.647949
7135.830985	0.085609	0.188499	8151.322754
7136.829903	1.106971	0.183109	487.067413
7136.830766	1.615477	0.183109	1881.224243
7136.831866	1.605428	0.183109	3647.195557
7136.832773	1.562271	0.183109	5064.174805
7136.833642	1.521570	0.183109	6386.418945
7136.834615	0.917622	0.183109	7279.265137
7136.835622	0.093885	0.183109	7373.807617
7136.836512	0.085532	0.183109	7449.931152
7136.837376	0.085551	0.183109	7523.846680
7136.838458	0.085631	0.183109	7616.499512
7136.839389	0.085547	0.183109	7696.143555
7136.840268	0.085485	0.183109	7771.284668
7136.841241	0.085616	0.183109	7854.589355
7136.842247	0.085591	0.183109	7940.693848
7136.843144	0.085605	0.183109	8017.481934
7136.844017	0.085671	0.183109	8092.272949
7137.891359	1.181158	0.187024	601.209656
7137.892329	1.625376	0.187024	2177.824463
7137.893202	1.606875	0.187024	3580.626465
7137.894238	1.559000	0.187024	5195.750977
7137.895292	1.510411	0.187024	6787.724609
7137.896175	0.669027	0.187024	7378.475586
7137.897075	0.091436	0.187024	7460.767578
7137.898151	0.085646	0.187024	7552.922363
7137.899098	0.085616	0.187024	7634.000977
7137.899958	0.085638	0.187024	7707.649902
7137.900969	0.085671	0.187024	7794.263672
7137.902004	0.085521	0.187024	7882.778320
7137.902893	0.085616	0.187024	7958.891113
7137.903808	0.085646	0.187024	8037.256836
7137.904878	0.085668	0.187024	8128.921387
7137.905817	0.085573	0.187024	8209.274414
7138.904060	1.169158	0.178182	561.195679
7138.904986	1.621538	0.178182	2062.739746
7138.905856	1.610024	0.178182	3463.460937
7138.906772	1.566577	0.178182	4898.445801
7138.907741	1.522141	0.178182	6373.400391
7138.908667	1.027943	0.178182	7325.275879
7138.909539	0.115162	0.178182	7425.697266
7138.910605	0.085642	0.178182	7516.991699
7138.911659	0.085605	0.178182	7607.219727
7138.912575	0.085514	0.178182	7685.550293
7138.913439	0.085536	0.178182	7759.453125
7138.914506	0.085627	0.178182	7850.817383
7138.915494	0.085481	0.178182	7935.272461
7138.916385	0.085591	0.178182	8011.533691
7138.917375	0.085613	0.178182	8096.290527
7138.918414	0.085558	0.178182	8185.185059
7139.966447	1.114995	0.191427	517.357727
7139.967352	1.618916	0.191427	1982.476807
7139.968224	1.611584	0.191427	3387.778320
7139.969112	1.569906	0.191427	4781.854980
7139.970065	1.524675	0.191427	6234.870605
7139.971018	1.081710	0.191427	7265.740234
7139.971914	0.120875	0.191427	7374.044434
7139.972825	0.085499	0.191427	7451.934082
7139.973785	0.085587	0.191427	7534.097656
7139.974705	0.085543	0.191427	7612.797363
7139.975569	0.085591	0.191427	7686.748047
7139.976521	0.085594	0.191427	7768.233887
7139.977468	0.085496	0.191427	7849.198242
7139.978360	0.085584	0.191427	7925.538574
7139.979217	0.085558	0.191427	7998.861816
7139.980171	0.085616	0.191427	8080.540039
7140.980667	1.087866	0.186162	462.343140
7140.981629	1.615166	0.186162	2016.132935
7140.982537	1.609915	0.186162	3477.935303
7140.983458	1.567159	0.186162	4921.289062
7140.984328	1.526140	0.186162	6249.030762
7140.985318	1.029338	0.186162	7268.075684
7140.986264	0.110786	0.186162	7372.879395
7140.987165	0.085474	0.186162	7449.891113
7140.988036	0.085576	0.186162	7524.427734
7140.988985	0.085627	0.186162	7605.687988
7140.989945	0.085507	0.186162	7687.774414
7140.990836	0.085587	0.186162	7764.032715
7140.991737	0.085543	0.186162	7841.106934
7140.992669	0.085547	0.186162	7920.836426
7140.993599	0.085598	0.186162	8000.442871
7140.994457	0.085657	0.186162	8073.936523
7142.041108	1.147189	0.190936	591.949341
7142.042064	1.624764	0.190936	2145.224121
7142.042989	1.605289	0.190936	3630.116699
7142.043864	1.563970	0.190936	4998.590332
7142.044899	1.516853	0.190936	6568.533203
7142.045802	0.864492	0.190936	7349.169434
7142.046676	0.099309	0.190936	7435.965332
7142.047587	0.085649	0.190936	7513.992187
7142.048592	0.085576	0.190936	7599.996094
7142.049497	0.085609	0.190936	7677.472168
7142.050365	0.085580	0.190936	7751.755371
7142.051345	0.085671	0.190936	7835.713379
7142.052263	0.085532	0.190936	7914.231934
7142.053186	0.085594	0.190936	7993.235840
7142.054052	0.085635	0.190936	8067.395508
7142.055100	0.085499	0.190936	8156.998535
7143.057506	1.238932	0.194078	732.208740
7143.058482	1.626346	0.194078	2319.522949
7143.059389	1.601254	0.194078	3771.859863
7143.060270	1.557913	0.194078	5144.380859
7143.061367	1.509448	0.194078	6800.245605
7143.062280	0.621145	0.194078	7367.351074
7143.063144	0.089978	0.194078	7445.092285
7143.064181	0.085638	0.194078	7533.899414
7143.065160	0.085525	0.194078	7617.628418
7143.066036	0.085529	0.194078	7692.551270
7143.066896	0.085594	0.194078	7766.162598
7143.068003	0.085576	0.194078	7860.895508
7143.068897	0.085558	0.194078	7937.384277
7143.069768	0.085646	0.194078	8011.981934
7143.070767	0.085620	0.194078	8097.516602
7143.071754	0.085507	0.194078	8181.911621
7144.116154	1.096370	0.196986	464.860718
7144.117230	1.623204	0.196986	2211.428711
7144.118239	1.599847	0.196986	3825.674805
7144.119138	1.557422	0.196986	5225.796875
7144.120117	1.512532	0.196986	6706.565430
7144.121153	0.579514	0.196986	7306.942383
7144.122063	0.087979	0.196986	7387.002930
7144.122922	0.085635	0.196986	7460.562988
7144.123992	0.085693	0.196986	7552.254883
7144.124985	0.085565	0.196986	7637.221191
7144.125858	0.085605	0.196986	7711.954590
7144.126866	0.085679	0.196986	7798.318848
7144.127916	0.085602	0.196986	7888.200684
7144.128808	0.085573	0.196986	7964.531250
7144.129666	0.085558	0.196986	8037.939941
7144.130745	0.085682	0.196986	8130.391113
7145.133609	1.201633	0.199496	626.050964
7145.134643	1.625977	0.199496	2307.310791
7145.135535	1.602440	0.199496	3736.687500
7145.136471	1.558220	0.199496	5195.181641
7145.137546	1.508386	0.199496	6816.696777
7145.138487	0.551678	0.199496	7335.826172
7145.139353	0.088817	0.199496	7412.741699
7145.140415	0.085774	0.199496	7503.833496
7145.141425	0.085620	0.199496	7590.309570
7145.142318	0.085613	0.199496	7666.761719
7145.143277	0.085693	0.199496	7748.941406
7145.144337	0.085638	0.199496	7839.718262
7145.145257	0.085569	0.199496	7918.441406
7145.146118	0.085653	0.199496	7992.188477
7145.147205	0.085781	0.199496	8085.432617
7145.148200	0.085594	0.199496	8170.599121
7146.189807	1.124579	0.192454	524.053711
7146.190701	1.619546	0.192454	1971.927612
7146.191571	1.611486	0.192454	3373.919922
7146.192541	1.567687	0.192454	4894.576172
7146.193457	1.523430	0.192454	6290.038086
7146.194393	1.081278	0.192454	7302.114258
7146.195255	0.125779	0.192454	7410.535645
7146.196232	0.085492	0.192454	7494.061523
7146.197185	0.085613	0.192454	7575.650391
7146.198063	0.085580	0.192454	7650.789551
7146.198949	0.085540	0.192454	7726.577637
7146.199896	0.085591	0.192454	7807.632324
7146.200823	0.085613	0.192454	7886.995605
7146.201684	0.085543	0.192454	7960.648437
7146.202654	0.085518	0.192454	8043.600586
7146.203599	0.085551	0.192454	8124.445801
7147.208177	1.162720	0.195637	548.803711
7147.209135	1.621725	0.195637	2102.416016
7147.210060	1.607128	0.195637	3589.009277
7147.210922	1.565325	0.195637	4938.319336
7147.211867	1.521581	0.195637	6376.213379
7147.212821	0.981888	0.195637	7312.935059
7147.213717	0.106282	0.195637	7408.163574
7147.214636	0.085547	0.195637	7486.781250
7147.215576	0.085477	0.195637	7567.129883
7147.216504	0.085441	0.195637	7646.418945
7147.217393	0.085510	0.195637	7722.437500
7147.218330	0.085554	0.195637	7802.601562
7147.219283	0.085598	0.195637	7884.176758
7147.220205	0.085540	0.195637	7963.044434
7147.221067	0.085518	0.195637	8036.760742
7147.222014	0.085477	0.195637	8117.707520
7148.264483	1.194877	0.191915	633.284607
7148.265374	1.622102	0.191915	2078.577393
7148.266284	1.607421	0.191915	3541.330078
7148.267169	1.565526	0.191915	4926.820801
7148.268158	1.520764	0.191915	6430.856445
7148.269078	0.980585	0.191915	7332.994141
7148.269968	0.106633	0.191915	7427.897949
7148.270894	0.085455	0.191915	7507.029785
7148.271828	0.085536	0.191915	7586.920410
7148.272761	0.085547	0.191915	7666.735840
7148.273649	0.085543	0.191915	7742.698242
7148.274580	0.085587	0.191915	7822.379883
7148.275537	0.085551	0.191915	7904.251953
7148.276405	0.085532	0.191915	7978.494141
7148.277320	0.085488	0.191915	8056.715820
7148.278309	0.085529	0.191915	8141.303711
7149.284331	1.144900	0.202219	526.653931
7149.285219	1.619165	0.202219	1964.472534
7149.286098	1.612006	0.202219	3381.425293
7149.287068	1.567771	0.202219	4902.163086
7149.288028	1.522343	0.202219	6363.611816
7149.288959	1.026654	0.202219	7319.426758
7149.289821	0.116700	0.202219	7420.022461
7149.290843	0.085551	0.202219	7507.455078
7149.291722	0.085492	0.202219	7582.602539
7149.292596	0.085576	0.202219	7657.395996
7149.293491	0.085503	0.202219	7733.920898
7149.294522	0.085514	0.202219	7822.085937
7149.295401	0.085573	0.202219	7897.304199
7149.296279	0.085543	0.202219	7972.411133
7149.297270	0.085690	0.202219	8057.329590
7149.298191	0.085547	0.202219	8136.118164
7150.339007	1.088101	0.188970	461.354645
7150.340004	1.617729	0.188970	2074.230957
7150.341004	1.603718	0.188970	3677.949219
7150.341888	1.562172	0.188970	5058.909180
7150.342747	1.520530	0.188970	6365.043945
7150.343849	0.793480	0.188970	7239.458984
7150.344754	0.093069	0.188970	7323.686523
7150.345622	0.085481	0.188970	7397.883789
7150.346593	0.085671	0.188970	7481.070801
7150.347611	0.085518	0.188970	7568.127930
7150.348497	0.085642	0.188970	7644.006836
7150.349362	0.085587	0.188970	7718.039551
7150.350452	0.085594	0.188970	7811.337402
7150.351375	0.085543	0.188970	7890.293945
7150.352251	0.085521	0.188970	7965.210449
7150.353219	0.085631	0.188970	8048.101562
7151.358907	1.104375	0.198026	468.255005
7151.360008	1.623435	0.198026	2255.656982
7151.360980	1.600671	0.198026	3811.509766
7151.361847	1.559513	0.198026	5163.607422
7151.362874	1.512546	0.198026	6716.992676
7151.363928	0.549012	0.198026	7295.651855
7151.364806	0.087836	0.198026	7372.771484
7151.365665	0.085573	0.198026	7446.278320
7151.366770	0.085649	0.198026	7540.920898
7151.367714	0.085562	0.198026	7621.690918
7151.368584	0.085584	0.198026	7696.148437
7151.369593	0.085704	0.198026	7782.624023
7151.370638	0.085584	0.198026	7872.058594
7151.371531	0.085525	0.198026	7948.432129
7151.372446	0.085653	0.198026	8026.804687
7151.373506	0.085616	0.198026	8117.558105
7152.415737	1.131013	0.198106	534.969238
7152.416638	1.620326	0.198106	1994.882935
7152.417509	1.611046	0.198106	3398.104004
7152.418459	1.567009	0.198106	4886.762695
7152.419390	1.522841	0.198106	6304.527344
7152.420328	1.060258	0.198106	7299.048828
7152.421186	0.122629	0.198106	7404.264648
7152.422153	0.085496	0.198106	7486.938965
7152.423094	0.085558	0.198106	7567.448730
7152.423959	0.085554	0.198106	7641.453125
7152.424830	0.085558	0.198106	7715.974121
7152.425796	0.085540	0.198106	7798.605469
7152.426722	0.085551	0.198106	7877.825195
7152.427583	0.085514	0.198106	7951.452637
7152.428545	0.085569	0.198106	8033.770020
7152.429498	0.085558	0.198106	8115.306641
7153.434616	1.121558	0.203883	536.104553
7153.435509	1.620168	0.203883	1982.915039
7153.436383	1.611508	0.203883	3391.372559
7153.437280	1.569998	0.203883	4799.660156
7153.438228	1.525023	0.203883	6245.382324
7153.439183	1.083625	0.203883	7280.244629
7153.440055	0.125295	0.203883	7389.502441
7153.440988	0.085492	0.203883	7469.266602
7153.441938	0.085569	0.203883	7550.557129
7153.442841	0.085543	0.203883	7627.802734
7153.443716	0.085503	0.203883	7702.617676
7153.444660	0.085514	0.203883	7783.342773
7153.445592	0.085488	0.203883	7863.018066
7153.446508	0.085532	0.203883	7941.365723
7153.447374	0.085444	0.203883	8015.360352
7153.448338	0.085594	0.203883	8097.873535
7154.490831	1.102844	0.203355	478.634399
7154.491709	1.616147	0.203355	1897.611816
7154.492588	1.613079	0.203355	3315.507812
7154.493522	1.571268	0.203355	4783.072266
7154.494461	1.526067	0.203355	6216.048828
7154.495386	1.159402	0.203355	7288.495605
7154.496253	0.141874	0.203355	7411.500000
7154.497294	0.085466	0.203355	7500.470215
7154.498176	0.085492	0.203355	7575.874023
7154.499083	0.085543	0.203355	7653.461914
7154.499962	0.085507	0.203355	7728.622070
7154.500939	0.085547	0.203355	7812.201172
7154.501855	0.085510	0.203355	7890.528320
7154.502727	0.085543	0.203355	7965.122070
7154.503751	0.085594	0.203355	8052.770996
7154.504647	0.085521	0.203355	8129.397949
7155.508665	1.090404	0.203069	463.421722
7155.509729	1.622538	0.203069	2189.802002
7155.510693	1.602671	0.203069	3734.776855
7155.511573	1.561025	0.203069	5108.479492
7155.512490	1.517988	0.203069	6500.474609
7155.513563	0.701678	0.203069	7253.375488
7155.514443	0.091414	0.203069	7333.819336
7155.515301	0.085492	0.203069	7407.171387
7155.516336	0.085627	0.203069	7495.795898
7155.517292	0.085525	0.203069	7577.557617
7155.518155	0.085540	0.203069	7651.378418
7155.519030	0.085499	0.203069	7726.190430
7155.520129	0.085573	0.203069	7820.234375
7155.521036	0.085529	0.203069	7897.808594
7155.521901	0.085507	0.203069	7971.771973
7155.522947	0.085551	0.203069	8061.257812
7156.566540	1.164144	0.207661	585.564575
7156.567458	1.622421	0.207661	2074.946777
7156.568320	1.608706	0.207661	3461.651367
7156.569412	1.559429	0.207661	5164.547363
7156.570422	1.512085	0.207661	6691.752930
7156.571304	0.759924	0.207661	7362.006348
7156.572286	0.092538	0.207661	7452.878418
7156.573334	0.085576	0.207661	7542.562012
7156.574230	0.085518	0.207661	7619.185547
7156.575090	0.085573	0.207661	7692.777832
7156.576195	0.085668	0.207661	7787.440430
7156.577162	0.085573	0.207661	7870.188965
7156.578029	0.085536	0.207661	7944.348633
7156.579065	0.085605	0.207661	8033.036133
7156.580110	0.085591	0.207661	8122.478516
7156.580997	0.085594	0.207661	8198.400391
7157.583292	1.083871	0.210904	456.309601
7157.584215	1.614199	0.210904	1946.215454
7157.585149	1.609010	0.210904	3449.030762
7157.586102	1.565237	0.210904	4940.701172
7157.586996	1.523767	0.210904	6302.949219
7157.587916	1.078359	0.210904	7295.040039
7157.588869	0.113108	0.210904	7402.832031
7157.589791	0.085466	0.210904	7481.631836
7157.590653	0.085525	0.210904	7555.354492
7157.591623	0.085543	0.210904	7638.331543
7157.592542	0.085587	0.210904	7716.986328
7157.593400	0.085584	0.210904	7790.416992
7157.594325	0.085529	0.210904	7869.530762
7157.595281	0.085562	0.210904	7951.327637
7157.596201	0.085587	0.210904	8030.067871
7157.597069	0.085547	0.210904	8104.322754
